-996.500	0.000
-988.500	0.000
-980.500	0.000
-972.499	0.000
-964.499	0.000
-956.499	0.000
-948.499	0.000
-940.499	0.000
-932.499	0.000
-924.498	0.000
-916.498	0.000
-908.498	1.000
-900.498	0.000
-892.498	0.000
-884.498	0.000
-876.497	0.000
-868.497	0.000
-860.497	0.000
-852.497	0.000
-844.497	0.000
-836.497	0.000
-828.496	1.000
-820.496	0.000
-812.496	1.000
-804.496	0.000
-796.496	0.000
-788.496	0.000
-780.495	1.000
-772.495	2.000
-764.495	1.000
-756.495	0.000
-748.495	1.000
-740.495	0.000
-732.494	3.000
-724.494	0.000
-716.494	0.000
-708.494	1.000
-700.494	2.000
-692.494	2.000
-684.493	2.000
-676.493	2.000
-668.493	3.000
-660.493	1.000
-652.493	2.000
-644.493	2.000
-636.492	8.000
-628.492	2.000
-620.492	4.000
-612.492	7.000
-604.492	5.000
-596.492	7.000
-588.491	5.000
-580.491	7.000
-572.491	13.000
-564.491	6.000
-556.491	10.000
-548.491	11.000
-540.490	12.000
-532.490	9.000
-524.490	13.000
-516.490	20.000
-508.490	15.000
-500.490	18.000
-492.489	15.000
-484.489	18.000
-476.489	23.000
-468.489	26.000
-460.489	32.000
-452.489	29.000
-444.488	38.000
-436.488	43.000
-428.488	47.000
-420.488	45.000
-412.488	45.000
-404.488	46.000
-396.487	66.000
-388.487	76.000
-380.487	55.000
-372.487	78.000
-364.487	92.000
-356.487	91.000
-348.486	117.000
-340.486	130.000
-332.486	130.000
-324.486	135.000
-316.486	162.000
-308.486	153.000
-300.485	162.000
-292.485	188.000
-284.485	204.000
-276.485	199.000
-268.485	228.000
-260.485	247.000
-252.484	271.000
-244.484	310.000
-236.484	294.000
-228.484	373.000
-220.484	337.000
-212.484	364.000
-204.483	379.000
-196.483	428.000
-188.483	440.000
-180.483	448.000
-172.483	456.000
-164.483	491.000
-156.482	517.000
-148.482	526.000
-140.482	582.000
-132.482	541.000
-124.482	575.000
-116.482	602.000
-108.481	670.000
-100.481	638.000
-92.481	692.000
-84.481	680.000
-76.481	607.000
-68.481	717.000
-60.480	631.000
-52.480	658.000
-44.480	680.000
-36.480	674.000
-28.480	708.000
-20.480	650.000
-12.479	646.000
-4.479	638.000
3.521	630.000
11.521	631.000
19.521	674.000
27.521	601.000
35.522	587.000
43.522	607.000
51.522	568.000
59.522	581.000
67.522	596.000
75.522	559.000
83.523	517.000
91.523	489.000
99.523	482.000
107.523	492.000
115.523	456.000
123.523	463.000
131.524	456.000
139.524	406.000
147.524	424.000
155.524	404.000
163.524	413.000
171.524	400.000
179.525	392.000
187.525	361.000
195.525	357.000
203.525	393.000
211.525	358.000
219.525	365.000
227.526	342.000
235.526	367.000
243.526	364.000
251.526	377.000
259.526	416.000
267.526	369.000
275.527	400.000
283.527	446.000
291.527	443.000
299.527	441.000
307.527	399.000
315.527	498.000
323.528	465.000
331.528	514.000
339.528	524.000
347.528	518.000
355.528	551.000
363.528	604.000
371.529	611.000
379.529	632.000
387.529	625.000
395.529	646.000
403.529	675.000
411.529	759.000
419.530	750.000
427.530	772.000
435.530	758.000
443.530	814.000
451.530	816.000
459.530	859.000
467.531	916.000
475.531	853.000
483.531	913.000
491.531	884.000
499.531	953.000
507.531	972.000
515.532	954.000
523.532	997.000
531.532	1010.000
539.532	997.000
547.532	1001.000
555.532	991.000
563.533	1018.000
571.533	1025.000
579.533	1030.000
587.533	1024.000
595.533	991.000
603.533	972.000
611.534	994.000
619.534	975.000
627.534	935.000
635.534	983.000
643.534	977.000
651.534	942.000
659.535	907.000
667.535	869.000
675.535	834.000
683.535	848.000
691.535	850.000
699.535	769.000
707.536	780.000
715.536	793.000
723.536	756.000
731.536	691.000
739.536	707.000
747.536	679.000
755.537	662.000
763.537	652.000
771.537	633.000
779.537	615.000
787.537	608.000
795.537	576.000
803.538	554.000
811.538	573.000
819.538	548.000
827.538	520.000
835.538	598.000
843.538	573.000
851.539	575.000
859.539	518.000
867.539	536.000
875.539	519.000
883.539	551.000
891.539	530.000
899.540	534.000
907.540	533.000
915.540	542.000
923.540	519.000
931.540	547.000
939.540	565.000
947.541	595.000
955.541	566.000
963.541	528.000
971.541	613.000
979.541	559.000
987.541	671.000
995.542	621.000
1003.542	644.000
1011.542	626.000
1019.542	694.000
1027.542	693.000
1035.542	723.000
1043.543	722.000
1051.543	731.000
1059.543	798.000
1067.543	771.000
1075.543	812.000
1083.543	841.000
1091.544	818.000
1099.544	851.000
1107.544	833.000
1115.544	852.000
1123.544	915.000
1131.544	843.000
1139.545	930.000
1147.545	881.000
1155.545	920.000
1163.545	932.000
1171.545	961.000
1179.545	921.000
1187.546	976.000
1195.546	916.000
1203.546	945.000
1211.546	983.000
1219.546	856.000
1227.546	951.000
1235.547	958.000
1243.547	903.000
1251.547	884.000
1259.547	891.000
1267.547	916.000
1275.547	878.000
1283.548	856.000
1291.548	843.000
1299.548	787.000
1307.548	742.000
1315.548	770.000
1323.548	735.000
1331.549	788.000
1339.549	736.000
1347.549	692.000
1355.549	657.000
1363.549	680.000
1371.549	676.000
1379.550	650.000
1387.550	629.000
1395.550	565.000
1403.550	556.000
1411.550	547.000
1419.550	572.000
1427.551	552.000
1435.551	549.000
1443.551	505.000
1451.551	474.000
1459.551	505.000
1467.551	531.000
1475.552	485.000
1483.552	507.000
1491.552	486.000
1499.552	473.000
1507.552	478.000
1515.552	530.000
1523.553	459.000
1531.553	525.000
1539.553	490.000
1547.553	511.000
1555.553	509.000
1563.553	504.000
1571.554	560.000
1579.554	536.000
1587.554	499.000
1595.554	542.000
1603.554	492.000
1611.554	538.000
1619.555	575.000
1627.555	546.000
1635.555	572.000
1643.555	604.000
1651.555	568.000
1659.555	635.000
1667.556	655.000
1675.556	615.000
1683.556	632.000
1691.556	697.000
1699.556	634.000
1707.556	689.000
1715.557	744.000
1723.557	713.000
1731.557	726.000
1739.557	793.000
1747.557	753.000
1755.557	744.000
1763.558	760.000
1771.558	739.000
1779.558	791.000
1787.558	788.000
1795.558	747.000
1803.558	833.000
1811.559	781.000
1819.559	793.000
1827.559	755.000
1835.559	896.000
1843.559	808.000
1851.559	817.000
1859.560	746.000
1867.560	843.000
1875.560	792.000
1883.560	760.000
1891.560	777.000
1899.560	753.000
1907.561	760.000
1915.561	794.000
1923.561	712.000
1931.561	740.000
1939.561	712.000
1947.561	706.000
1955.562	690.000
1963.562	682.000
1971.562	615.000
1979.562	654.000
1987.562	716.000
1995.562	655.000
2003.563	592.000
2011.563	588.000
2019.563	563.000
2027.563	548.000
2035.563	588.000
2043.563	535.000
2051.564	509.000
2059.564	560.000
2067.564	492.000
2075.564	508.000
2083.564	511.000
2091.564	454.000
2099.565	479.000
2107.565	472.000
2115.565	499.000
2123.565	430.000
2131.565	477.000
2139.565	522.000
2147.566	476.000
2155.566	445.000
2163.566	461.000
2171.566	433.000
2179.566	451.000
2187.566	451.000
2195.567	448.000
2203.567	494.000
2211.567	417.000
2219.567	493.000
2227.567	497.000
2235.567	517.000
2243.568	500.000
2251.568	489.000
2259.568	526.000
2267.568	571.000
2275.568	566.000
2283.568	566.000
2291.569	593.000
2299.569	590.000
2307.569	632.000
2315.569	627.000
2323.569	647.000
2331.569	669.000
2339.570	658.000
2347.570	712.000
2355.570	701.000
2363.570	728.000
2371.570	725.000
2379.570	719.000
2387.571	746.000
2395.571	772.000
2403.571	767.000
2411.571	800.000
2419.571	805.000
2427.571	838.000
2435.572	780.000
2443.572	786.000
2451.572	766.000
2459.572	757.000
2467.572	889.000
2475.572	858.000
2483.573	778.000
2491.573	849.000
2499.573	859.000
2507.573	834.000
2515.573	828.000
2523.573	817.000
2531.574	810.000
2539.574	850.000
2547.574	798.000
2555.574	800.000
2563.574	739.000
2571.574	768.000
2579.575	740.000
2587.575	710.000
2595.575	681.000
2603.575	670.000
2611.575	662.000
2619.575	691.000
2627.576	653.000
2635.576	680.000
2643.576	615.000
2651.576	599.000
2659.576	608.000
2667.576	612.000
2675.577	510.000
2683.577	574.000
2691.577	586.000
2699.577	526.000
2707.577	519.000
2715.577	496.000
2723.578	522.000
2731.578	472.000
2739.578	511.000
2747.578	497.000
2755.578	517.000
2763.578	431.000
2771.579	488.000
2779.579	482.000
2787.579	500.000
2795.579	474.000
2803.579	504.000
2811.579	493.000
2819.580	492.000
2827.580	487.000
2835.580	504.000
2843.580	528.000
2851.580	479.000
2859.580	560.000
2867.581	497.000
2875.581	570.000
2883.581	517.000
2891.581	624.000
2899.581	573.000
2907.581	618.000
2915.582	654.000
2923.582	616.000
2931.582	668.000
2939.582	651.000
2947.582	721.000
2955.582	690.000
2963.583	680.000
2971.583	694.000
2979.583	705.000
2987.583	760.000
2995.583	740.000
3003.583	782.000
3011.584	744.000
3019.584	779.000
3027.584	797.000
3035.584	815.000
3043.584	827.000
3051.584	843.000
3059.585	887.000
3067.585	846.000
3075.585	881.000
3083.585	869.000
3091.585	875.000
3099.585	900.000
3107.586	943.000
3115.586	907.000
3123.586	936.000
3131.586	921.000
3139.586	908.000
3147.586	907.000
3155.587	950.000
3163.587	889.000
3171.587	931.000
3179.587	872.000
3187.587	882.000
3195.587	856.000
3203.588	854.000
3211.588	858.000
3219.588	808.000
3227.588	784.000
3235.588	851.000
3243.588	755.000
3251.589	745.000
3259.589	692.000
3267.589	710.000
3275.589	718.000
3283.589	694.000
3291.589	696.000
3299.590	684.000
3307.590	645.000
3315.590	639.000
3323.590	696.000
3331.590	603.000
3339.590	649.000
3347.591	573.000
3355.591	571.000
3363.591	578.000
3371.591	591.000
3379.591	607.000
3387.591	583.000
3395.592	567.000
3403.592	541.000
3411.592	510.000
3419.592	511.000
3427.592	546.000
3435.592	518.000
3443.593	524.000
3451.593	524.000
3459.593	524.000
3467.593	587.000
3475.593	591.000
3483.593	571.000
3491.594	627.000
3499.594	556.000
3507.594	570.000
3515.594	605.000
3523.594	611.000
3531.594	636.000
3539.595	622.000
3547.595	681.000
3555.595	658.000
3563.595	692.000
3571.595	670.000
3579.595	709.000
3587.596	743.000
3595.596	753.000
3603.596	720.000
3611.596	747.000
3619.596	762.000
3627.596	769.000
3635.597	810.000
3643.597	802.000
3651.597	812.000
3659.597	892.000
3667.597	887.000
3675.597	867.000
3683.598	942.000
3691.598	891.000
3699.598	951.000
3707.598	917.000
3715.598	1013.000
3723.598	933.000
3731.599	929.000
3739.599	976.000
3747.599	981.000
3755.599	920.000
3763.599	966.000
3771.599	990.000
3779.600	985.000
3787.600	945.000
3795.600	944.000
3803.600	956.000
3811.600	881.000
3819.600	933.000
3827.601	941.000
3835.601	930.000
3843.601	959.000
3851.601	869.000
3859.601	930.000
3867.601	871.000
3875.602	868.000
3883.602	876.000
3891.602	807.000
3899.602	788.000
3907.602	799.000
3915.602	757.000
3923.603	725.000
3931.603	750.000
3939.603	726.000
3947.603	740.000
3955.603	680.000
3963.603	709.000
3971.604	725.000
3979.604	642.000
3987.604	643.000
3995.604	624.000
4003.604	620.000
4011.604	608.000
4019.605	585.000
4027.605	548.000
4035.605	565.000
4043.605	579.000
4051.605	555.000
4059.605	564.000
4067.606	565.000
4075.606	558.000
4083.606	547.000
4091.606	593.000
4099.606	599.000
4107.606	560.000
4115.607	574.000
4123.607	547.000
4131.607	601.000
4139.607	634.000
4147.607	622.000
4155.607	627.000
4163.608	600.000
4171.608	631.000
4179.608	603.000
4187.608	616.000
4195.608	660.000
4203.608	676.000
4211.609	697.000
4219.609	708.000
4227.609	718.000
4235.609	763.000
4243.609	762.000
4251.609	784.000
4259.610	771.000
4267.610	797.000
4275.610	784.000
4283.610	814.000
4291.610	825.000
4299.610	833.000
4307.611	838.000
4315.611	824.000
4323.611	859.000
4331.611	893.000
4339.611	920.000
4347.611	943.000
4355.612	927.000
4363.612	954.000
4371.612	942.000
4379.612	917.000
4387.612	977.000
4395.612	927.000
4403.613	930.000
4411.613	965.000
4419.613	978.000
4427.613	949.000
4435.613	948.000
4443.613	940.000
4451.614	941.000
4459.614	907.000
4467.614	929.000
4475.614	888.000
4483.614	875.000
4491.614	925.000
4499.615	879.000
4507.615	851.000
4515.615	849.000
4523.615	871.000
4531.615	837.000
4539.615	721.000
4547.616	776.000
4555.616	735.000
4563.616	763.000
4571.616	755.000
4579.616	710.000
4587.616	698.000
4595.617	707.000
4603.617	663.000
4611.617	712.000
4619.617	684.000
4627.617	669.000
4635.617	636.000
4643.618	637.000
4651.618	587.000
4659.618	587.000
4667.618	535.000
4675.618	547.000
4683.618	594.000
4691.619	539.000
4699.619	569.000
4707.619	545.000
4715.619	521.000
4723.619	509.000
4731.619	499.000
4739.620	547.000
4747.620	560.000
4755.620	542.000
4763.620	555.000
4771.620	578.000
4779.620	559.000
4787.621	614.000
4795.621	565.000
4803.621	590.000
4811.621	563.000
4819.621	598.000
4827.621	599.000
4835.622	577.000
4843.622	645.000
4851.622	650.000
4859.622	663.000
4867.622	665.000
4875.622	677.000
4883.623	675.000
4891.623	707.000
4899.623	692.000
4907.623	695.000
4915.623	743.000
4923.623	736.000
4931.624	783.000
4939.624	753.000
4947.624	731.000
4955.624	765.000
4963.624	788.000
4971.624	758.000
4979.625	856.000
4987.625	839.000
4995.625	774.000
5003.625	812.000
5011.625	837.000
5019.625	866.000
5027.626	816.000
5035.626	860.000
5043.626	805.000
5051.626	810.000
5059.626	894.000
5067.626	853.000
5075.627	896.000
5083.627	781.000
5091.627	879.000
5099.627	842.000
5107.627	886.000
5115.627	802.000
5123.628	811.000
5131.628	801.000
5139.628	739.000
5147.628	815.000
5155.628	754.000
5163.628	738.000
5171.629	745.000
5179.629	737.000
5187.629	696.000
5195.629	690.000
5203.629	696.000
5211.629	654.000
5219.630	671.000
5227.630	635.000
5235.630	664.000
5243.630	616.000
5251.630	598.000
5259.630	611.000
5267.631	569.000
5275.631	567.000
5283.631	560.000
5291.631	590.000
5299.631	539.000
5307.631	544.000
5315.632	502.000
5323.632	511.000
5331.632	487.000
5339.632	471.000
5347.632	507.000
5355.632	483.000
5363.633	467.000
5371.633	469.000
5379.633	496.000
5387.633	454.000
5395.633	463.000
5403.633	443.000
5411.634	509.000
5419.634	452.000
5427.634	503.000
5435.634	483.000
5443.634	490.000
5451.634	450.000
5459.635	484.000
5467.635	486.000
5475.635	511.000
5483.635	457.000
5491.635	492.000
5499.635	503.000
5507.636	524.000
5515.636	540.000
5523.636	538.000
5531.636	581.000
5539.636	589.000
5547.636	555.000
5555.637	593.000
5563.637	641.000
5571.637	632.000
5579.637	620.000
5587.637	630.000
5595.637	659.000
5603.638	649.000
5611.638	649.000
5619.638	650.000
5627.638	637.000
5635.638	661.000
5643.638	696.000
5651.639	733.000
5659.639	680.000
5667.639	672.000
5675.639	687.000
5683.639	652.000
5691.639	733.000
5699.640	685.000
5707.640	674.000
5715.640	763.000
5723.640	715.000
5731.640	634.000
5739.640	647.000
5747.641	685.000
5755.641	641.000
5763.641	638.000
5771.641	629.000
5779.641	659.000
5787.641	652.000
5795.642	616.000
5803.642	607.000
5811.642	625.000
5819.642	610.000
5827.642	587.000
5835.642	517.000
5843.643	571.000
5851.643	543.000
5859.643	553.000
5867.643	516.000
5875.643	561.000
5883.643	487.000
5891.644	482.000
5899.644	518.000
5907.644	503.000
5915.644	501.000
5923.644	470.000
5931.644	465.000
5939.645	438.000
5947.645	432.000
5955.645	399.000
5963.645	386.000
5971.645	457.000
5979.645	410.000
5987.646	386.000
5995.646	413.000
6003.646	339.000
6011.646	415.000
6019.646	353.000
6027.646	338.000
6035.647	375.000
6043.647	333.000
6051.647	378.000
6059.647	375.000
6067.647	368.000
6075.647	335.000
6083.648	359.000
6091.648	376.000
6099.648	368.000
6107.648	377.000
6115.648	360.000
6123.648	385.000
6131.649	383.000
6139.649	376.000
6147.649	396.000
6155.649	413.000
6163.649	401.000
6171.649	417.000
6179.650	405.000
6187.650	407.000
6195.650	412.000
6203.650	413.000
6211.650	474.000
6219.650	414.000
6227.651	418.000
6235.651	462.000
6243.651	478.000
6251.651	496.000
6259.651	503.000
6267.651	471.000
6275.652	474.000
6283.652	458.000
6291.652	481.000
6299.652	474.000
6307.652	526.000
6315.652	532.000
6323.653	475.000
6331.653	497.000
6339.653	538.000
6347.653	487.000
6355.653	516.000
6363.653	516.000
6371.654	494.000
6379.654	488.000
6387.654	543.000
6395.654	506.000
6403.654	469.000
6411.654	476.000
6419.655	474.000
6427.655	480.000
6435.655	483.000
6443.655	462.000
6451.655	474.000
6459.655	464.000
6467.656	426.000
6475.656	462.000
6483.656	399.000
6491.656	434.000
6499.656	381.000
6507.656	393.000
6515.657	399.000
6523.657	416.000
6531.657	395.000
6539.657	414.000
6547.657	326.000
6555.657	356.000
6563.658	357.000
6571.658	343.000
6579.658	350.000
6587.658	347.000
6595.658	331.000
6603.658	326.000
6611.659	303.000
6619.659	322.000
6627.659	289.000
6635.659	273.000
6643.659	290.000
6651.659	267.000
6659.660	274.000
6667.660	273.000
6675.660	284.000
6683.660	290.000
6691.660	297.000
6699.660	254.000
6707.661	248.000
6715.661	274.000
6723.661	232.000
6731.661	263.000
6739.661	270.000
6747.661	261.000
6755.662	250.000
6763.662	290.000
6771.662	257.000
6779.662	268.000
6787.662	249.000
6795.662	254.000
6803.663	273.000
6811.663	271.000
6819.663	265.000
6827.663	312.000
6835.663	309.000
6843.663	301.000
6851.664	305.000
6859.664	301.000
6867.664	281.000
6875.664	297.000
6883.664	330.000
6891.664	335.000
6899.665	337.000
6907.665	302.000
6915.665	296.000
6923.665	333.000
6931.665	335.000
6939.665	338.000
6947.666	354.000
6955.666	349.000
6963.666	329.000
6971.666	322.000
6979.666	347.000
6987.666	357.000
6995.667	386.000
7003.667	340.000
7011.667	380.000
7019.667	365.000
7027.667	362.000
7035.667	378.000
7043.668	353.000
7051.668	331.000
7059.668	342.000
7067.668	365.000
7075.668	334.000
7083.668	362.000
7091.669	337.000
7099.669	328.000
7107.669	314.000
7115.669	322.000
7123.669	332.000
7131.669	293.000
7139.670	298.000
7147.670	292.000
7155.670	280.000
7163.670	308.000
7171.670	283.000
7179.670	296.000
7187.671	260.000
7195.671	287.000
7203.671	221.000
7211.671	256.000
7219.671	252.000
7227.671	230.000
7235.672	240.000
7243.672	210.000
7251.672	231.000
7259.672	239.000
7267.672	213.000
7275.672	226.000
7283.673	206.000
7291.673	242.000
7299.673	172.000
7307.673	204.000
7315.673	189.000
7323.673	208.000
7331.674	196.000
7339.674	186.000
7347.674	193.000
7355.674	193.000
7363.674	197.000
7371.674	199.000
7379.675	214.000
7387.675	197.000
7395.675	191.000
7403.675	195.000
7411.675	178.000
7419.675	172.000
7427.676	193.000
7435.676	192.000
7443.676	201.000
7451.676	187.000
7459.676	192.000
7467.676	184.000
7475.677	192.000
7483.677	201.000
7491.677	190.000
7499.677	228.000
7507.677	182.000
7515.677	220.000
7523.678	181.000
7531.678	212.000
7539.678	205.000
7547.678	180.000
7555.678	185.000
7563.678	204.000
7571.679	217.000
7579.679	216.000
7587.679	223.000
7595.679	214.000
7603.679	230.000
7611.679	222.000
7619.680	211.000
7627.680	217.000
7635.680	209.000
7643.680	202.000
7651.680	229.000
7659.680	214.000
7667.681	215.000
7675.681	238.000
7683.681	227.000
7691.681	248.000
7699.681	259.000
7707.681	197.000
7715.682	254.000
7723.682	227.000
7731.682	254.000
7739.682	211.000
7747.682	236.000
7755.682	233.000
7763.683	211.000
7771.683	209.000
7779.683	194.000
7787.683	192.000
7795.683	186.000
7803.683	190.000
7811.684	206.000
7819.684	199.000
7827.684	156.000
7835.684	164.000
7843.684	173.000
7851.684	181.000
7859.685	146.000
7867.685	185.000
7875.685	146.000
7883.685	153.000
7891.685	146.000
7899.685	130.000
7907.686	164.000
7915.686	111.000
7923.686	160.000
7931.686	143.000
7939.686	152.000
7947.686	125.000
7955.687	138.000
7963.687	138.000
7971.687	126.000
7979.687	139.000
7987.687	136.000
7995.687	116.000
8003.688	107.000
8011.688	137.000
8019.688	111.000
8027.688	137.000
8035.688	131.000
8043.688	137.000
8051.689	116.000
8059.689	127.000
8067.689	125.000
8075.689	124.000
8083.689	113.000
8091.689	134.000
8099.690	125.000
8107.690	112.000
8115.690	113.000
8123.690	125.000
8131.690	126.000
8139.690	116.000
8147.691	119.000
8155.691	127.000
8163.691	120.000
8171.691	120.000
8179.691	112.000
8187.691	117.000
8195.692	122.000
8203.692	127.000
8211.692	132.000
8219.692	130.000
8227.692	143.000
8235.692	127.000
8243.693	148.000
8251.693	171.000
8259.693	139.000
8267.693	158.000
8275.693	126.000
8283.693	148.000
8291.694	144.000
8299.694	158.000
8307.694	133.000
8315.694	139.000
8323.694	153.000
8331.694	125.000
8339.695	138.000
8347.695	137.000
8355.695	150.000
8363.695	152.000
8371.695	140.000
8379.695	126.000
8387.696	135.000
8395.696	136.000
8403.696	145.000
8411.696	136.000
8419.696	119.000
8427.696	146.000
8435.697	123.000
8443.697	123.000
8451.697	104.000
8459.697	124.000
8467.697	102.000
8475.697	119.000
8483.698	115.000
8491.698	111.000
8499.698	118.000
8507.698	126.000
8515.698	127.000
8523.698	82.000
8531.699	94.000
8539.699	97.000
8547.699	105.000
8555.699	105.000
8563.699	94.000
8571.699	96.000
8579.700	101.000
8587.700	86.000
8595.700	93.000
8603.700	82.000
8611.700	76.000
8619.700	79.000
8627.701	69.000
8635.701	77.000
8643.701	58.000
8651.701	69.000
8659.701	73.000
8667.701	87.000
8675.702	83.000
8683.702	81.000
8691.702	68.000
8699.702	83.000
8707.702	73.000
8715.702	68.000
8723.703	65.000
8731.703	73.000
8739.703	78.000
8747.703	91.000
8755.703	73.000
8763.703	80.000
8771.704	97.000
8779.704	77.000
8787.704	79.000
8795.704	78.000
8803.704	77.000
8811.704	87.000
8819.705	69.000
8827.705	86.000
8835.705	92.000
8843.705	83.000
8851.705	78.000
8859.705	83.000
8867.706	92.000
8875.706	92.000
8883.706	98.000
8891.706	78.000
8899.706	81.000
8907.706	97.000
8915.707	95.000
8923.707	86.000
8931.707	85.000
8939.707	75.000
8947.707	81.000
8955.707	72.000
8963.708	87.000
8971.708	91.000
8979.708	90.000
8987.708	104.000
8995.708	104.000
9003.708	102.000
9011.709	97.000
9019.709	81.000
9027.709	99.000
9035.709	78.000
9043.709	81.000
9051.709	98.000
9059.710	86.000
9067.710	89.000
9075.710	107.000
9083.710	87.000
9091.710	112.000
9099.710	80.000
9107.711	89.000
9115.711	81.000
9123.711	61.000
9131.711	74.000
9139.711	76.000
9147.711	58.000
9155.712	75.000
9163.712	78.000
9171.712	79.000
9179.712	66.000
9187.712	59.000
9195.712	66.000
9203.713	59.000
9211.713	56.000
9219.713	66.000
9227.713	58.000
9235.713	61.000
9243.713	61.000
9251.714	58.000
9259.714	59.000
9267.714	61.000
9275.714	50.000
9283.714	55.000
9291.714	58.000
9299.715	61.000
9307.715	56.000
9315.715	50.000
9323.715	65.000
9331.715	62.000
9339.715	56.000
9347.716	52.000
9355.716	51.000
9363.716	59.000
9371.716	44.000
9379.716	48.000
9387.716	46.000
9395.717	55.000
9403.717	62.000
9411.717	63.000
9419.717	53.000
9427.717	46.000
9435.717	46.000
9443.718	58.000
9451.718	54.000
9459.718	50.000
9467.718	56.000
9475.718	60.000
9483.718	38.000
9491.719	39.000
9499.719	60.000
9507.719	72.000
9515.719	47.000
9523.719	68.000
9531.719	67.000
9539.720	58.000
9547.720	53.000
9555.720	74.000
9563.720	70.000
9571.720	49.000
9579.720	61.000
9587.721	60.000
9595.721	68.000
9603.721	67.000
9611.721	53.000
9619.721	51.000
9627.721	61.000
9635.722	74.000
9643.722	57.000
9651.722	66.000
9659.722	57.000
9667.722	58.000
9675.722	66.000
9683.723	79.000
9691.723	68.000
9699.723	65.000
9707.723	57.000
9715.723	54.000
9723.723	59.000
9731.724	58.000
9739.724	65.000
9747.724	54.000
9755.724	60.000
9763.724	53.000
9771.724	54.000
9779.725	61.000
9787.725	44.000
9795.725	60.000
9803.725	41.000
9811.725	52.000
9819.725	51.000
9827.726	55.000
9835.726	42.000
9843.726	68.000
9851.726	42.000
9859.726	52.000
9867.726	48.000
9875.727	47.000
9883.727	64.000
9891.727	37.000
9899.727	41.000
9907.727	45.000
9915.727	42.000
9923.728	43.000
9931.728	37.000
9939.728	36.000
9947.728	39.000
9955.728	32.000
9963.728	53.000
9971.729	44.000
9979.729	42.000
9987.729	48.000
9995.729	31.000
10003.729	38.000
10011.729	43.000
10019.730	39.000
10027.730	38.000
10035.730	54.000
10043.730	41.000
10051.730	46.000
10059.730	33.000
10067.731	37.000
10075.731	45.000
10083.731	43.000
10091.731	43.000
10099.731	37.000
10107.731	57.000
10115.732	41.000
10123.732	32.000
10131.732	54.000
10139.732	42.000
10147.732	63.000
10155.732	42.000
10163.733	36.000
10171.733	54.000
10179.733	50.000
10187.733	49.000
10195.733	59.000
10203.733	50.000
10211.734	60.000
10219.734	44.000
10227.734	41.000
10235.734	56.000
10243.734	54.000
10251.734	59.000
10259.735	46.000
10267.735	57.000
10275.735	43.000
10283.735	52.000
10291.735	57.000
10299.735	41.000
10307.736	63.000
10315.736	64.000
10323.736	64.000
10331.736	48.000
10339.736	49.000
10347.736	44.000
10355.737	50.000
10363.737	46.000
10371.737	49.000
10379.737	62.000
10387.737	51.000
10395.737	51.000
10403.738	51.000
10411.738	61.000
10419.738	49.000
10427.738	41.000
10435.738	49.000
10443.738	59.000
10451.739	42.000
10459.739	30.000
10467.739	54.000
10475.739	44.000
10483.739	51.000
10491.739	51.000
10499.740	37.000
10507.740	38.000
10515.740	38.000
10523.740	41.000
10531.740	37.000
10539.740	38.000
10547.741	54.000
10555.741	41.000
10563.741	44.000
10571.741	34.000
10579.741	27.000
10587.741	36.000
10595.742	20.000
10603.742	41.000
10611.742	36.000
10619.742	42.000
10627.742	42.000
10635.742	38.000
10643.743	29.000
10651.743	30.000
10659.743	40.000
10667.743	34.000
10675.743	34.000
10683.743	45.000
10691.744	51.000
10699.744	30.000
10707.744	35.000
10715.744	36.000
10723.744	43.000
10731.744	27.000
10739.745	45.000
10747.745	31.000
10755.745	40.000
10763.745	36.000
10771.745	44.000
10779.745	48.000
10787.746	35.000
10795.746	45.000
10803.746	36.000
10811.746	50.000
10819.746	35.000
10827.746	49.000
10835.747	47.000
10843.747	40.000
10851.747	55.000
10859.747	53.000
10867.747	51.000
10875.747	44.000
10883.748	51.000
10891.748	58.000
10899.748	56.000
10907.748	57.000
10915.748	60.000
10923.748	48.000
10931.749	56.000
10939.749	48.000
10947.749	52.000
10955.749	66.000
10963.749	54.000
10971.749	54.000
10979.750	65.000
10987.750	44.000
10995.750	58.000
11003.750	66.000
11011.750	57.000
11019.750	62.000
11027.751	59.000
11035.751	50.000
11043.751	71.000
11051.751	54.000
11059.751	46.000
11067.751	48.000
11075.752	58.000
11083.752	51.000
11091.752	40.000
11099.752	53.000
11107.752	47.000
11115.752	48.000
11123.753	40.000
11131.753	37.000
11139.753	43.000
11147.753	49.000
11155.753	55.000
11163.753	47.000
11171.754	50.000
11179.754	42.000
11187.754	34.000
11195.754	42.000
11203.754	42.000
11211.754	63.000
11219.755	41.000
11227.755	45.000
11235.755	36.000
11243.755	33.000
11251.755	39.000
11259.755	40.000
11267.756	38.000
11275.756	45.000
11283.756	29.000
11291.756	40.000
11299.756	39.000
11307.756	33.000
11315.757	39.000
11323.757	41.000
11331.757	27.000
11339.757	36.000
11347.757	40.000
11355.757	32.000
11363.758	31.000
11371.758	53.000
11379.758	38.000
11387.758	40.000
11395.758	42.000
11403.758	43.000
11411.759	40.000
11419.759	40.000
11427.759	63.000
11435.759	58.000
11443.759	47.000
11451.759	42.000
11459.760	52.000
11467.760	53.000
11475.760	76.000
11483.760	63.000
11491.760	57.000
11499.760	51.000
11507.761	59.000
11515.761	59.000
11523.761	58.000
11531.761	50.000
11539.761	72.000
11547.761	61.000
11555.762	54.000
11563.762	56.000
11571.762	60.000
11579.762	77.000
11587.762	48.000
11595.762	70.000
11603.763	70.000
11611.763	68.000
11619.763	65.000
11627.763	73.000
11635.763	59.000
11643.763	63.000
11651.764	65.000
11659.764	63.000
11667.764	58.000
11675.764	68.000
11683.764	56.000
11691.764	51.000
11699.765	56.000
11707.765	58.000
11715.765	69.000
11723.765	68.000
11731.765	54.000
11739.765	62.000
11747.766	62.000
11755.766	48.000
11763.766	53.000
11771.766	60.000
11779.766	55.000
11787.766	63.000
11795.767	46.000
11803.767	47.000
11811.767	56.000
11819.767	44.000
11827.767	48.000
11835.767	53.000
11843.768	39.000
11851.768	53.000
11859.768	50.000
11867.768	44.000
11875.768	46.000
11883.768	56.000
11891.769	56.000
11899.769	45.000
11907.769	61.000
11915.769	60.000
11923.769	51.000
11931.769	38.000
11939.770	54.000
11947.770	32.000
11955.770	49.000
11963.770	51.000
11971.770	32.000
11979.770	42.000
11987.771	44.000
11995.771	39.000
12003.771	43.000
12011.771	36.000
12019.771	48.000
12027.771	61.000
12035.772	51.000
12043.772	46.000
12051.772	59.000
12059.772	57.000
12067.772	61.000
12075.772	68.000
12083.773	60.000
12091.773	69.000
12099.773	45.000
12107.773	51.000
12115.773	63.000
12123.773	62.000
12131.774	42.000
12139.774	65.000
12147.774	58.000
12155.774	51.000
12163.774	62.000
12171.774	50.000
12179.775	58.000
12187.775	67.000
12195.775	81.000
12203.775	51.000
12211.775	72.000
12219.775	64.000
12227.776	81.000
12235.776	78.000
12243.776	68.000
12251.776	76.000
12259.776	66.000
12267.776	69.000
12275.777	80.000
12283.777	83.000
12291.777	74.000
12299.777	82.000
12307.777	79.000
12315.777	83.000
12323.778	79.000
12331.778	64.000
12339.778	65.000
12347.778	76.000
12355.778	57.000
12363.778	74.000
12371.779	79.000
12379.779	73.000
12387.779	78.000
12395.779	71.000
12403.779	88.000
12411.779	73.000
12419.780	73.000
12427.780	64.000
12435.780	72.000
12443.780	70.000
12451.780	60.000
12459.780	66.000
12467.781	56.000
12475.781	70.000
12483.781	66.000
12491.781	62.000
12499.781	54.000
12507.781	63.000
12515.782	53.000
12523.782	65.000
12531.782	46.000
12539.782	45.000
12547.782	51.000
12555.782	52.000
12563.783	40.000
12571.783	45.000
12579.783	60.000
12587.783	60.000
12595.783	40.000
12603.783	42.000
12611.784	57.000
12619.784	51.000
12627.784	47.000
12635.784	51.000
12643.784	49.000
12651.784	64.000
12659.785	59.000
12667.785	61.000
12675.785	47.000
12683.785	70.000
12691.785	62.000
12699.785	75.000
12707.786	61.000
12715.786	62.000
12723.786	57.000
12731.786	63.000
12739.786	64.000
12747.786	65.000
12755.787	52.000
12763.787	59.000
12771.787	72.000
12779.787	70.000
12787.787	55.000
12795.787	71.000
12803.788	88.000
12811.788	70.000
12819.788	71.000
12827.788	72.000
12835.788	65.000
12843.788	81.000
12851.789	70.000
12859.789	81.000
12867.789	81.000
12875.789	84.000
12883.789	73.000
12891.789	66.000
12899.790	94.000
12907.790	78.000
12915.790	91.000
12923.790	96.000
12931.790	85.000
12939.790	104.000
12947.791	101.000
12955.791	93.000
12963.791	86.000
12971.791	77.000
12979.791	94.000
12987.791	91.000
12995.792	98.000
13003.792	90.000
13011.792	83.000
13019.792	69.000
13027.792	76.000
13035.792	73.000
13043.793	86.000
13051.793	72.000
13059.793	94.000
13067.793	82.000
13075.793	76.000
13083.793	72.000
13091.794	67.000
13099.794	82.000
13107.794	71.000
13115.794	75.000
13123.794	61.000
13131.794	86.000
13139.795	77.000
13147.795	72.000
13155.795	62.000
13163.795	79.000
13171.795	74.000
13179.795	81.000
13187.796	68.000
13195.796	69.000
13203.796	77.000
13211.796	75.000
13219.796	59.000
13227.796	73.000
13235.797	58.000
13243.797	54.000
13251.797	56.000
13259.797	73.000
13267.797	63.000
13275.797	60.000
13283.798	45.000
13291.798	57.000
13299.798	42.000
13307.798	64.000
13315.798	75.000
13323.798	61.000
13331.799	55.000
13339.799	62.000
13347.799	56.000
13355.799	68.000
13363.799	63.000
13371.799	60.000
13379.800	51.000
13387.800	43.000
13395.800	72.000
13403.800	54.000
13411.800	80.000
13419.800	75.000
13427.801	72.000
13435.801	64.000
13443.801	70.000
13451.801	74.000
13459.801	70.000
13467.801	80.000
13475.802	74.000
13483.802	75.000
13491.802	76.000
13499.802	84.000
13507.802	76.000
13515.802	82.000
13523.803	90.000
13531.803	108.000
13539.803	79.000
13547.803	83.000
13555.803	100.000
13563.803	109.000
13571.804	90.000
13579.804	95.000
13587.804	95.000
13595.804	92.000
13603.804	92.000
13611.804	95.000
13619.805	114.000
13627.805	103.000
13635.805	95.000
13643.805	99.000
13651.805	77.000
13659.805	94.000
13667.806	112.000
13675.806	88.000
13683.806	92.000
13691.806	87.000
13699.806	97.000
13707.806	102.000
13715.807	84.000
13723.807	108.000
13731.807	95.000
13739.807	77.000
13747.807	74.000
13755.807	84.000
13763.808	93.000
13771.808	93.000
13779.808	72.000
13787.808	62.000
13795.808	88.000
13803.808	92.000
13811.809	64.000
13819.809	71.000
13827.809	79.000
13835.809	75.000
13843.809	77.000
13851.809	76.000
13859.810	75.000
13867.810	91.000
13875.810	79.000
13883.810	55.000
13891.810	75.000
13899.810	85.000
13907.811	68.000
13915.811	77.000
13923.811	62.000
13931.811	64.000
13939.811	68.000
13947.811	64.000
13955.812	65.000
13963.812	75.000
13971.812	58.000
13979.812	81.000
13987.812	74.000
13995.812	76.000
14003.813	69.000
14011.813	57.000
14019.813	88.000
14027.813	69.000
14035.813	77.000
14043.813	65.000
14051.814	69.000
14059.814	67.000
14067.814	81.000
14075.814	76.000
14083.814	89.000
14091.814	79.000
14099.815	64.000
14107.815	74.000
14115.815	78.000
14123.815	89.000
14131.815	80.000
14139.815	107.000
14147.816	80.000
14155.816	89.000
14163.816	80.000
14171.816	100.000
14179.816	99.000
14187.816	75.000
14195.817	86.000
14203.817	108.000
14211.817	94.000
14219.817	119.000
14227.817	99.000
14235.817	95.000
14243.818	108.000
14251.818	82.000
14259.818	80.000
14267.818	105.000
14275.818	113.000
14283.818	113.000
14291.819	102.000
14299.819	113.000
14307.819	87.000
14315.819	103.000
14323.819	123.000
14331.819	115.000
14339.820	113.000
14347.820	110.000
14355.820	85.000
14363.820	106.000
14371.820	105.000
14379.820	109.000
14387.821	101.000
14395.821	84.000
14403.821	76.000
14411.821	99.000
14419.821	59.000
14427.821	87.000
14435.822	86.000
14443.822	102.000
14451.822	95.000
14459.822	82.000
14467.822	81.000
14475.822	78.000
14483.823	82.000
14491.823	78.000
14499.823	81.000
14507.823	100.000
14515.823	84.000
14523.823	85.000
14531.824	87.000
14539.824	68.000
14547.824	77.000
14555.824	79.000
14563.824	77.000
14571.824	67.000
14579.825	71.000
14587.825	64.000
14595.825	81.000
14603.825	68.000
14611.825	82.000
14619.825	61.000
14627.826	83.000
14635.826	74.000
14643.826	71.000
14651.826	81.000
14659.826	77.000
14667.826	66.000
14675.827	77.000
14683.827	86.000
14691.827	75.000
14699.827	80.000
14707.827	76.000
14715.827	93.000
14723.828	76.000
14731.828	69.000
14739.828	83.000
14747.828	86.000
14755.828	85.000
14763.828	81.000
14771.829	83.000
14779.829	81.000
14787.829	87.000
14795.829	86.000
14803.829	97.000
14811.829	97.000
14819.830	116.000
14827.830	104.000
14835.830	115.000
14843.830	87.000
14851.830	109.000
14859.830	97.000
14867.831	99.000
14875.831	87.000
14883.831	115.000
14891.831	99.000
14899.831	96.000
14907.831	108.000
14915.832	120.000
14923.832	114.000
14931.832	108.000
14939.832	101.000
14947.832	117.000
14955.832	94.000
14963.833	97.000
14971.833	97.000
14979.833	114.000
14987.833	103.000
14995.833	111.000
15003.833	97.000
15011.834	100.000
15019.834	112.000
15027.834	85.000
15035.834	96.000
15043.834	100.000
15051.834	89.000
15059.835	88.000
15067.835	103.000
15075.835	93.000
15083.835	82.000
15091.835	97.000
15099.835	97.000
15107.836	83.000
15115.836	101.000
15123.836	90.000
15131.836	91.000
15139.836	77.000
15147.836	85.000
15155.837	79.000
15163.837	75.000
15171.837	92.000
15179.837	87.000
15187.837	90.000
15195.837	77.000
15203.838	70.000
15211.838	73.000
15219.838	86.000
15227.838	80.000
15235.838	74.000
15243.838	76.000
15251.839	74.000
15259.839	69.000
15267.839	70.000
15275.839	78.000
15283.839	64.000
15291.839	74.000
15299.840	62.000
15307.840	87.000
15315.840	77.000
15323.840	69.000
15331.840	65.000
15339.840	86.000
15347.841	84.000
15355.841	77.000
15363.841	86.000
15371.841	67.000
15379.841	71.000
15387.841	67.000
15395.842	83.000
15403.842	77.000
15411.842	93.000
15419.842	76.000
15427.842	83.000
15435.842	93.000
15443.843	89.000
15451.843	83.000
15459.843	82.000
15467.843	90.000
15475.843	105.000
15483.843	90.000
15491.844	84.000
15499.844	83.000
15507.844	83.000
15515.844	106.000
15523.844	114.000
15531.844	88.000
15539.845	94.000
15547.845	104.000
15555.845	114.000
15563.845	93.000
15571.845	106.000
15579.845	104.000
15587.846	93.000
15595.846	106.000
15603.846	108.000
15611.846	104.000
15619.846	118.000
15627.846	101.000
15635.847	115.000
15643.847	102.000
15651.847	109.000
15659.847	113.000
15667.847	108.000
15675.847	95.000
15683.848	91.000
15691.848	113.000
15699.848	96.000
15707.848	107.000
15715.848	96.000
15723.848	97.000
15731.849	97.000
15739.849	82.000
15747.849	111.000
15755.849	95.000
15763.849	88.000
15771.849	98.000
15779.850	108.000
15787.850	79.000
15795.850	99.000
15803.850	85.000
15811.850	102.000
15819.850	62.000
15827.851	68.000
15835.851	80.000
15843.851	66.000
15851.851	75.000
15859.851	83.000
15867.851	77.000
15875.852	82.000
15883.852	72.000
15891.852	90.000
15899.852	67.000
15907.852	86.000
15915.852	60.000
15923.853	86.000
15931.853	68.000
15939.853	70.000
15947.853	74.000
15955.853	71.000
15963.853	69.000
15971.854	81.000
15979.854	84.000
15987.854	68.000
15995.854	71.000
16003.854	88.000
16011.854	78.000
16019.855	84.000
16027.855	76.000
16035.855	90.000
16043.855	71.000
16051.855	95.000
16059.855	85.000
16067.856	90.000
16075.856	81.000
16083.856	88.000
16091.856	82.000
16099.856	103.000
16107.856	77.000
16115.857	85.000
16123.857	70.000
16131.857	85.000
16139.857	91.000
16147.857	80.000
16155.857	93.000
16163.858	94.000
16171.858	80.000
16179.858	78.000
16187.858	94.000
16195.858	86.000
16203.858	104.000
16211.859	75.000
16219.859	98.000
16227.859	98.000
16235.859	97.000
16243.859	98.000
16251.859	98.000
16259.860	111.000
16267.860	105.000
16275.860	87.000
16283.860	108.000
16291.860	118.000
16299.860	117.000
16307.861	97.000
16315.861	93.000
16323.861	111.000
16331.861	109.000
16339.861	82.000
16347.861	99.000
16355.862	77.000
16363.862	85.000
16371.862	100.000
16379.862	107.000
16387.862	84.000
16395.862	88.000
16403.863	102.000
16411.863	78.000
16419.863	79.000
16427.863	77.000
16435.863	98.000
16443.863	101.000
16451.864	84.000
16459.864	82.000
16467.864	79.000
16475.864	89.000
16483.864	83.000
16491.864	84.000
16499.865	80.000
16507.865	74.000
16515.865	73.000
16523.865	78.000
16531.865	79.000
16539.865	78.000
16547.866	59.000
16555.866	68.000
16563.866	65.000
16571.866	72.000
16579.866	62.000
16587.866	60.000
16595.867	68.000
16603.867	72.000
16611.867	68.000
16619.867	79.000
16627.867	79.000
16635.867	66.000
16643.868	81.000
16651.868	65.000
16659.868	58.000
16667.868	60.000
16675.868	65.000
16683.868	71.000
16691.869	61.000
16699.869	74.000
16707.869	79.000
16715.869	66.000
16723.869	73.000
16731.869	65.000
16739.870	69.000
16747.870	63.000
16755.870	76.000
16763.870	68.000
16771.870	77.000
16779.870	80.000
16787.871	89.000
16795.871	90.000
16803.871	86.000
16811.871	85.000
16819.871	82.000
16827.871	70.000
16835.872	84.000
16843.872	77.000
16851.872	103.000
16859.872	75.000
16867.872	90.000
16875.872	85.000
16883.873	88.000
16891.873	90.000
16899.873	93.000
16907.873	78.000
16915.873	96.000
16923.873	89.000
16931.874	96.000
16939.874	83.000
16947.874	97.000
16955.874	107.000
16963.874	88.000
16971.874	95.000
16979.875	82.000
16987.875	82.000
16995.875	102.000
17003.875	86.000
17011.875	92.000
17019.875	78.000
17027.876	91.000
17035.876	92.000
17043.876	104.000
17051.876	82.000
17059.876	97.000
17067.876	106.000
17075.877	73.000
17083.877	111.000
17091.877	88.000
17099.877	72.000
17107.877	88.000
17115.877	86.000
17123.878	73.000
17131.878	79.000
17139.878	83.000
17147.878	70.000
17155.878	81.000
17163.878	70.000
17171.879	71.000
17179.879	80.000
17187.879	76.000
17195.879	58.000
17203.879	70.000
17211.879	57.000
17219.880	62.000
17227.880	71.000
17235.880	62.000
17243.880	70.000
17251.880	52.000
17259.880	71.000
17267.881	59.000
17275.881	64.000
17283.881	54.000
17291.881	44.000
17299.881	69.000
17307.881	73.000
17315.882	62.000
17323.882	75.000
17331.882	62.000
17339.882	54.000
17347.882	81.000
17355.882	69.000
17363.883	64.000
17371.883	60.000
17379.883	59.000
17387.883	68.000
17395.883	74.000
17403.883	69.000
17411.884	67.000
17419.884	65.000
17427.884	69.000
17435.884	84.000
17443.884	83.000
17451.884	82.000
17459.885	63.000
17467.885	76.000
17475.885	83.000
17483.885	76.000
17491.885	87.000
17499.885	82.000
17507.886	83.000
17515.886	63.000
17523.886	87.000
17531.886	84.000
17539.886	80.000
17547.886	83.000
17555.887	110.000
17563.887	83.000
17571.887	83.000
17579.887	102.000
17587.887	74.000
17595.887	83.000
17603.888	79.000
17611.888	86.000
17619.888	87.000
17627.888	87.000
17635.888	77.000
17643.888	74.000
17651.889	89.000
17659.889	77.000
17667.889	92.000
17675.889	83.000
17683.889	82.000
17691.889	64.000
17699.890	82.000
17707.890	90.000
17715.890	70.000
17723.890	72.000
17731.890	74.000
17739.890	105.000
17747.891	84.000
17755.891	83.000
17763.891	82.000
17771.891	67.000
17779.891	94.000
17787.891	75.000
17795.892	73.000
17803.892	80.000
17811.892	76.000
17819.892	67.000
17827.892	65.000
17835.892	53.000
17843.893	56.000
17851.893	56.000
17859.893	68.000
17867.893	66.000
17875.893	61.000
17883.893	62.000
17891.894	50.000
17899.894	65.000
17907.894	59.000
17915.894	60.000
17923.894	54.000
17931.894	70.000
17939.895	57.000
17947.895	74.000
17955.895	61.000
17963.895	60.000
17971.895	54.000
17979.895	53.000
17987.896	47.000
17995.896	60.000
18003.896	63.000
18011.896	63.000
18019.896	68.000
18027.896	67.000
18035.897	62.000
18043.897	64.000
18051.897	56.000
18059.897	58.000
18067.897	55.000
18075.897	62.000
18083.898	50.000
18091.898	63.000
18099.898	79.000
18107.898	58.000
18115.898	66.000
18123.898	61.000
18131.899	70.000
18139.899	70.000
18147.899	62.000
18155.899	80.000
18163.899	65.000
18171.899	78.000
18179.900	67.000
18187.900	65.000
18195.900	59.000
18203.900	71.000
18211.900	82.000
18219.900	68.000
18227.901	65.000
18235.901	77.000
18243.901	70.000
18251.901	86.000
18259.901	68.000
18267.901	77.000
18275.902	67.000
18283.902	66.000
18291.902	73.000
18299.902	66.000
18307.902	59.000
18315.902	68.000
18323.903	86.000
18331.903	83.000
18339.903	82.000
18347.903	90.000
18355.903	76.000
18363.903	53.000
18371.904	71.000
18379.904	65.000
18387.904	74.000
18395.904	60.000
18403.904	71.000
18411.904	64.000
18419.905	62.000
18427.905	67.000
18435.905	66.000
18443.905	64.000
18451.905	61.000
18459.905	60.000
18467.906	55.000
18475.906	69.000
18483.906	61.000
18491.906	61.000
18499.906	51.000
18507.906	50.000
18515.907	64.000
18523.907	56.000
18531.907	61.000
18539.907	36.000
18547.907	49.000
18555.907	53.000
18563.908	55.000
18571.908	55.000
18579.908	45.000
18587.908	55.000
18595.908	53.000
18603.908	48.000
18611.909	49.000
18619.909	65.000
18627.909	42.000
18635.909	55.000
18643.909	47.000
18651.909	46.000
18659.910	43.000
18667.910	53.000
18675.910	53.000
18683.910	64.000
18691.910	48.000
18699.910	55.000
18707.911	43.000
18715.911	53.000
18723.911	50.000
18731.911	59.000
18739.911	45.000
18747.911	46.000
18755.912	44.000
18763.912	57.000
18771.912	56.000
18779.912	60.000
18787.912	61.000
18795.912	54.000
18803.913	59.000
18811.913	51.000
18819.913	66.000
18827.913	54.000
18835.913	67.000
18843.913	66.000
18851.914	56.000
18859.914	52.000
18867.914	70.000
18875.914	56.000
18883.914	56.000
18891.914	56.000
18899.915	58.000
18907.915	52.000
18915.915	63.000
18923.915	56.000
18931.915	62.000
18939.915	61.000
18947.916	62.000
18955.916	61.000
18963.916	65.000
18971.916	61.000
18979.916	71.000
18987.916	57.000
18995.917	57.000
19003.917	57.000
19011.917	60.000
19019.917	58.000
19027.917	52.000
19035.917	69.000
19043.918	69.000
19051.918	60.000
19059.918	67.000
19067.918	48.000
19075.918	63.000
19083.918	49.000
19091.919	65.000
19099.919	63.000
19107.919	51.000
19115.919	53.000
19123.919	58.000
19131.919	45.000
19139.920	62.000
19147.920	43.000
19155.920	47.000
19163.920	58.000
19171.920	50.000
19179.920	55.000
19187.921	49.000
19195.921	50.000
19203.921	38.000
19211.921	46.000
19219.921	41.000
19227.921	48.000
19235.922	40.000
19243.922	43.000
19251.922	46.000
19259.922	43.000
19267.922	43.000
19275.922	45.000
19283.923	32.000
19291.923	41.000
19299.923	46.000
19307.923	43.000
19315.923	42.000
19323.923	33.000
19331.924	29.000
19339.924	46.000
19347.924	32.000
19355.924	32.000
19363.924	36.000
19371.924	47.000
19379.925	37.000
19387.925	38.000
19395.925	48.000
19403.925	46.000
19411.925	59.000
19419.925	50.000
19427.926	27.000
19435.926	46.000
19443.926	43.000
19451.926	41.000
19459.926	36.000
19467.926	34.000
19475.927	41.000
19483.927	44.000
19491.927	50.000
19499.927	43.000
19507.927	51.000
19515.927	56.000
19523.928	57.000
19531.928	45.000
19539.928	39.000
19547.928	52.000
19555.928	46.000
19563.928	47.000
19571.929	49.000
19579.929	38.000
19587.929	50.000
19595.929	45.000
19603.929	53.000
19611.929	52.000
19619.930	73.000
19627.930	58.000
19635.930	43.000
19643.930	58.000
19651.930	49.000
19659.930	49.000
19667.931	40.000
19675.931	42.000
19683.931	53.000
19691.931	51.000
19699.931	59.000
19707.931	50.000
19715.932	39.000
19723.932	45.000
19731.932	38.000
19739.932	48.000
19747.932	38.000
19755.932	40.000
19763.933	30.000
19771.933	52.000
19779.933	65.000
19787.933	45.000
19795.933	46.000
19803.933	42.000
19811.934	55.000
19819.934	42.000
19827.934	42.000
19835.934	44.000
19843.934	31.000
19851.934	45.000
19859.935	44.000
19867.935	38.000
19875.935	35.000
19883.935	33.000
19891.935	36.000
19899.935	47.000
19907.936	45.000
19915.936	34.000
19923.936	33.000
19931.936	38.000
19939.936	35.000
19947.936	40.000
19955.937	31.000
19963.937	38.000
19971.937	29.000
19979.937	34.000
19987.937	26.000
19995.937	27.000
20003.938	34.000
20011.938	36.000
20019.938	45.000
20027.938	39.000
20035.938	39.000
20043.938	47.000
20051.939	32.000
20059.939	35.000
20067.939	29.000
20075.939	43.000
20083.939	34.000
20091.939	33.000
20099.940	43.000
20107.940	36.000
20115.940	32.000
20123.940	33.000
20131.940	39.000
20139.940	36.000
20147.941	27.000
20155.941	36.000
20163.941	32.000
20171.941	38.000
20179.941	35.000
20187.941	40.000
20195.942	45.000
20203.942	52.000
20211.942	24.000
20219.942	35.000
20227.942	44.000
20235.942	47.000
20243.943	40.000
20251.943	36.000
20259.943	48.000
20267.943	46.000
20275.943	38.000
20283.943	46.000
20291.944	46.000
20299.944	35.000
20307.944	37.000
20315.944	51.000
20323.944	42.000
20331.944	51.000
20339.945	32.000
20347.945	38.000
20355.945	32.000
20363.945	48.000
20371.945	36.000
20379.945	34.000
20387.946	43.000
20395.946	34.000
20403.946	35.000
20411.946	38.000
20419.946	43.000
20427.946	36.000
20435.947	34.000
20443.947	31.000
20451.947	32.000
20459.947	38.000
20467.947	39.000
20475.947	25.000
20483.948	39.000
20491.948	39.000
20499.948	31.000
20507.948	32.000
20515.948	28.000
20523.948	31.000
20531.949	30.000
20539.949	35.000
20547.949	33.000
20555.949	32.000
20563.949	27.000
20571.949	37.000
20579.950	38.000
20587.950	29.000
20595.950	27.000
20603.950	30.000
20611.950	27.000
20619.950	26.000
20627.951	25.000
20635.951	43.000
20643.951	24.000
20651.951	26.000
20659.951	30.000
20667.951	28.000
20675.952	24.000
20683.952	31.000
20691.952	16.000
20699.952	28.000
20707.952	28.000
20715.952	33.000
20723.953	26.000
20731.953	23.000
20739.953	27.000
20747.953	30.000
20755.953	25.000
20763.953	28.000
20771.954	30.000
20779.954	37.000
20787.954	22.000
20795.954	29.000
20803.954	23.000
20811.954	27.000
20819.955	30.000
20827.955	38.000
20835.955	21.000
20843.955	30.000
20851.955	25.000
20859.955	30.000
20867.956	26.000
20875.956	28.000
20883.956	31.000
20891.956	26.000
20899.956	24.000
20907.956	31.000
20915.957	29.000
20923.957	28.000
20931.957	33.000
20939.957	30.000
20947.957	27.000
20955.957	34.000
20963.958	28.000
20971.958	25.000
20979.958	29.000
20987.958	43.000
20995.958	39.000
21003.958	38.000
21011.959	35.000
21019.959	34.000
21027.959	27.000
21035.959	33.000
21043.959	30.000
21051.959	31.000
21059.960	28.000
21067.960	32.000
21075.960	36.000
21083.960	19.000
21091.960	30.000
21099.960	23.000
21107.961	29.000
21115.961	23.000
21123.961	30.000
21131.961	30.000
21139.961	23.000
21147.961	27.000
21155.962	22.000
21163.962	32.000
21171.962	35.000
21179.962	24.000
21187.962	32.000
21195.962	27.000
21203.963	30.000
21211.963	20.000
21219.963	21.000
21227.963	27.000
21235.963	22.000
21243.963	29.000
21251.964	28.000
21259.964	23.000
21267.964	22.000
21275.964	24.000
21283.964	31.000
21291.964	23.000
21299.965	31.000
21307.965	17.000
21315.965	20.000
21323.965	17.000
21331.965	16.000
21339.965	21.000
21347.966	25.000
21355.966	19.000
21363.966	28.000
21371.966	19.000
21379.966	14.000
21387.966	22.000
21395.967	15.000
21403.967	24.000
21411.967	24.000
21419.967	24.000
21427.967	17.000
21435.967	26.000
21443.968	25.000
21451.968	18.000
21459.968	21.000
21467.968	10.000
21475.968	27.000
21483.968	22.000
21491.969	19.000
21499.969	24.000
21507.969	29.000
21515.969	28.000
21523.969	22.000
21531.969	21.000
21539.970	15.000
21547.970	20.000
21555.970	18.000
21563.970	15.000
21571.970	25.000
21579.970	21.000
21587.971	21.000
21595.971	17.000
21603.971	30.000
21611.971	22.000
21619.971	32.000
21627.971	29.000
21635.972	18.000
21643.972	31.000
21651.972	23.000
21659.972	16.000
21667.972	21.000
21675.972	23.000
21683.973	25.000
21691.973	16.000
21699.973	28.000
21707.973	24.000
21715.973	18.000
21723.973	18.000
21731.974	33.000
21739.974	18.000
21747.974	25.000
21755.974	25.000
21763.974	20.000
21771.974	30.000
21779.975	18.000
21787.975	14.000
21795.975	22.000
21803.975	20.000
21811.975	22.000
21819.975	24.000
21827.976	23.000
21835.976	24.000
21843.976	24.000
21851.976	14.000
21859.976	23.000
21867.976	18.000
21875.977	22.000
21883.977	21.000
21891.977	13.000
21899.977	25.000
21907.977	11.000
21915.977	20.000
21923.978	22.000
21931.978	22.000
21939.978	16.000
21947.978	20.000
21955.978	15.000
21963.978	13.000
21971.979	16.000
21979.979	24.000
21987.979	19.000
21995.979	11.000
22003.979	11.000
22011.979	21.000
22019.980	9.000
22027.980	16.000
22035.980	9.000
22043.980	21.000
22051.980	21.000
22059.980	8.000
22067.981	11.000
22075.981	21.000
22083.981	11.000
22091.981	8.000
22099.981	16.000
22107.981	14.000
22115.982	17.000
22123.982	15.000
22131.982	11.000
22139.982	16.000
22147.982	22.000
22155.982	13.000
22163.983	16.000
22171.983	15.000
22179.983	22.000
22187.983	13.000
22195.983	17.000
22203.983	22.000
22211.984	15.000
22219.984	15.000
22227.984	19.000
22235.984	16.000
22243.984	20.000
22251.984	12.000
22259.985	18.000
22267.985	17.000
22275.985	28.000
22283.985	15.000
22291.985	18.000
22299.985	7.000
22307.986	17.000
22315.986	27.000
22323.986	10.000
22331.986	16.000
22339.986	26.000
22347.986	22.000
22355.987	14.000
22363.987	22.000
22371.987	18.000
22379.987	10.000
22387.987	13.000
22395.987	20.000
22403.988	17.000
22411.988	15.000
22419.988	17.000
22427.988	24.000
22435.988	19.000
22443.988	11.000
22451.989	14.000
22459.989	18.000
22467.989	15.000
22475.989	18.000
22483.989	11.000
22491.989	14.000
22499.990	17.000
22507.990	12.000
22515.990	16.000
22523.990	14.000
22531.990	8.000
22539.990	15.000
22547.991	18.000
22555.991	18.000
22563.991	16.000
22571.991	15.000
22579.991	11.000
22587.991	12.000
22595.992	17.000
22603.992	12.000
22611.992	13.000
22619.992	10.000
22627.992	11.000
22635.992	20.000
22643.993	11.000
22651.993	14.000
22659.993	13.000
22667.993	12.000
22675.993	22.000
22683.993	14.000
22691.994	17.000
22699.994	15.000
22707.994	14.000
22715.994	11.000
22723.994	11.000
22731.994	11.000
22739.995	12.000
22747.995	11.000
22755.995	15.000
22763.995	10.000
22771.995	8.000
22779.995	10.000
22787.996	4.000
22795.996	12.000
22803.996	8.000
22811.996	14.000
22819.996	8.000
22827.996	10.000
22835.997	9.000
22843.997	6.000
22851.997	10.000
22859.997	10.000
22867.997	10.000
22875.997	11.000
22883.998	12.000
22891.998	12.000
22899.998	5.000
22907.998	13.000
22915.998	11.000
22923.998	11.000
22931.999	6.000
22939.999	13.000
22947.999	12.000
22955.999	11.000
22963.999	18.000
22971.999	13.000
22980.000	15.000
22988.000	12.000
22996.000	17.000
