-996.500	0.000
-988.500	0.000
-980.500	0.000
-972.499	0.000
-964.499	0.000
-956.499	0.000
-948.499	0.000
-940.499	0.000
-932.499	0.000
-924.498	0.000
-916.498	0.000
-908.498	0.000
-900.498	0.000
-892.498	0.000
-884.498	0.000
-876.497	0.000
-868.497	0.000
-860.497	0.000
-852.497	0.000
-844.497	0.000
-836.497	0.000
-828.496	2.000
-820.496	0.000
-812.496	0.000
-804.496	0.000
-796.496	3.000
-788.496	3.000
-780.495	0.000
-772.495	0.000
-764.495	0.000
-756.495	0.000
-748.495	2.000
-740.495	0.000
-732.494	0.000
-724.494	0.000
-716.494	2.000
-708.494	1.000
-700.494	1.000
-692.494	3.000
-684.493	2.000
-676.493	3.000
-668.493	2.000
-660.493	0.000
-652.493	5.000
-644.493	2.000
-636.492	0.000
-628.492	3.000
-620.492	1.000
-612.492	5.000
-604.492	3.000
-596.492	7.000
-588.491	7.000
-580.491	8.000
-572.491	4.000
-564.491	5.000
-556.491	3.000
-548.491	3.000
-540.490	8.000
-532.490	7.000
-524.490	12.000
-516.490	11.000
-508.490	8.000
-500.490	15.000
-492.489	13.000
-484.489	9.000
-476.489	16.000
-468.489	9.000
-460.489	10.000
-452.489	21.000
-444.488	15.000
-436.488	21.000
-428.488	13.000
-420.488	26.000
-412.488	31.000
-404.488	30.000
-396.487	23.000
-388.487	29.000
-380.487	34.000
-372.487	28.000
-364.487	36.000
-356.487	40.000
-348.486	44.000
-340.486	45.000
-332.486	50.000
-324.486	49.000
-316.486	55.000
-308.486	51.000
-300.485	66.000
-292.485	51.000
-284.485	73.000
-276.485	71.000
-268.485	83.000
-260.485	57.000
-252.484	80.000
-244.484	96.000
-236.484	80.000
-228.484	110.000
-220.484	89.000
-212.484	109.000
-204.483	131.000
-196.483	98.000
-188.483	122.000
-180.483	125.000
-172.483	109.000
-164.483	132.000
-156.482	129.000
-148.482	135.000
-140.482	135.000
-132.482	149.000
-124.482	161.000
-116.482	126.000
-108.481	167.000
-100.481	139.000
-92.481	132.000
-84.481	146.000
-76.481	154.000
-68.481	151.000
-60.480	133.000
-52.480	126.000
-44.480	157.000
-36.480	136.000
-28.480	157.000
-20.480	150.000
-12.479	136.000
-4.479	152.000
3.521	131.000
11.521	143.000
19.521	120.000
27.521	117.000
35.522	120.000
43.522	125.000
51.522	132.000
59.522	109.000
67.522	104.000
75.522	100.000
83.523	133.000
91.523	94.000
99.523	112.000
107.523	97.000
115.523	91.000
123.523	102.000
131.524	87.000
139.524	94.000
147.524	75.000
155.524	83.000
163.524	83.000
171.524	89.000
179.525	95.000
187.525	65.000
195.525	67.000
203.525	77.000
211.525	72.000
219.525	78.000
227.526	84.000
235.526	79.000
243.526	85.000
251.526	78.000
259.526	79.000
267.526	102.000
275.527	89.000
283.527	94.000
291.527	105.000
299.527	88.000
307.527	100.000
315.527	89.000
323.528	99.000
331.528	86.000
339.528	96.000
347.528	99.000
355.528	119.000
363.528	96.000
371.529	104.000
379.529	112.000
387.529	113.000
395.529	120.000
403.529	113.000
411.529	142.000
419.530	144.000
427.530	119.000
435.530	142.000
443.530	139.000
451.530	137.000
459.530	152.000
467.531	173.000
475.531	155.000
483.531	194.000
491.531	188.000
499.531	183.000
507.531	188.000
515.532	207.000
523.532	220.000
531.532	222.000
539.532	222.000
547.532	243.000
555.532	267.000
563.533	276.000
571.533	240.000
579.533	242.000
587.533	275.000
595.533	290.000
603.533	311.000
611.534	291.000
619.534	266.000
627.534	301.000
635.534	289.000
643.534	299.000
651.534	312.000
659.535	302.000
667.535	303.000
675.535	314.000
683.535	340.000
691.535	332.000
699.535	342.000
707.536	309.000
715.536	311.000
723.536	341.000
731.536	307.000
739.536	292.000
747.536	299.000
755.537	296.000
763.537	321.000
771.537	297.000
779.537	275.000
787.537	291.000
795.537	242.000
803.538	272.000
811.538	262.000
819.538	284.000
827.538	244.000
835.538	240.000
843.538	240.000
851.539	219.000
859.539	263.000
867.539	217.000
875.539	237.000
883.539	209.000
891.539	200.000
899.540	229.000
907.540	206.000
915.540	218.000
923.540	203.000
931.540	193.000
939.540	208.000
947.541	182.000
955.541	192.000
963.541	195.000
971.541	188.000
979.541	182.000
987.541	163.000
995.542	182.000
1003.542	183.000
1011.542	159.000
1019.542	171.000
1027.542	191.000
1035.542	157.000
1043.543	184.000
1051.543	181.000
1059.543	173.000
1067.543	169.000
1075.543	173.000
1083.543	177.000
1091.544	167.000
1099.544	191.000
1107.544	175.000
1115.544	182.000
1123.544	190.000
1131.544	185.000
1139.545	185.000
1147.545	208.000
1155.545	197.000
1163.545	216.000
1171.545	228.000
1179.545	221.000
1187.546	203.000
1195.546	223.000
1203.546	213.000
1211.546	194.000
1219.546	255.000
1227.546	232.000
1235.547	264.000
1243.547	265.000
1251.547	271.000
1259.547	261.000
1267.547	284.000
1275.547	286.000
1283.548	312.000
1291.548	320.000
1299.548	296.000
1307.548	310.000
1315.548	326.000
1323.548	336.000
1331.549	348.000
1339.549	314.000
1347.549	342.000
1355.549	370.000
1363.549	408.000
1371.549	385.000
1379.550	397.000
1387.550	342.000
1395.550	394.000
1403.550	395.000
1411.550	374.000
1419.550	364.000
1427.551	420.000
1435.551	374.000
1443.551	389.000
1451.551	413.000
1459.551	434.000
1467.551	417.000
1475.552	403.000
1483.552	419.000
1491.552	395.000
1499.552	401.000
1507.552	423.000
1515.552	372.000
1523.553	363.000
1531.553	394.000
1539.553	360.000
1547.553	378.000
1555.553	411.000
1563.553	362.000
1571.554	374.000
1579.554	356.000
1587.554	366.000
1595.554	341.000
1603.554	345.000
1611.554	304.000
1619.555	305.000
1627.555	294.000
1635.555	284.000
1643.555	283.000
1651.555	283.000
1659.555	282.000
1667.556	272.000
1675.556	290.000
1683.556	264.000
1691.556	253.000
1699.556	275.000
1707.556	238.000
1715.557	259.000
1723.557	240.000
1731.557	253.000
1739.557	211.000
1747.557	227.000
1755.557	233.000
1763.558	222.000
1771.558	198.000
1779.558	207.000
1787.558	216.000
1795.558	213.000
1803.558	207.000
1811.559	218.000
1819.559	198.000
1827.559	258.000
1835.559	205.000
1843.559	202.000
1851.559	207.000
1859.560	222.000
1867.560	212.000
1875.560	224.000
1883.560	200.000
1891.560	226.000
1899.560	228.000
1907.561	204.000
1915.561	245.000
1923.561	229.000
1931.561	237.000
1939.561	223.000
1947.561	229.000
1955.562	255.000
1963.562	266.000
1971.562	240.000
1979.562	231.000
1987.562	237.000
1995.562	256.000
2003.563	271.000
2011.563	269.000
2019.563	260.000
2027.563	291.000
2035.563	289.000
2043.563	307.000
2051.564	287.000
2059.564	297.000
2067.564	297.000
2075.564	336.000
2083.564	315.000
2091.564	314.000
2099.565	334.000
2107.565	368.000
2115.565	356.000
2123.565	361.000
2131.565	346.000
2139.565	352.000
2147.566	389.000
2155.566	382.000
2163.566	411.000
2171.566	370.000
2179.566	380.000
2187.566	421.000
2195.567	377.000
2203.567	400.000
2211.567	427.000
2219.567	380.000
2227.567	426.000
2235.567	424.000
2243.568	414.000
2251.568	381.000
2259.568	398.000
2267.568	393.000
2275.568	416.000
2283.568	442.000
2291.569	396.000
2299.569	363.000
2307.569	417.000
2315.569	361.000
2323.569	394.000
2331.569	445.000
2339.570	420.000
2347.570	387.000
2355.570	396.000
2363.570	366.000
2371.570	372.000
2379.570	353.000
2387.571	362.000
2395.571	325.000
2403.571	340.000
2411.571	330.000
2419.571	343.000
2427.571	316.000
2435.572	299.000
2443.572	320.000
2451.572	248.000
2459.572	276.000
2467.572	300.000
2475.572	277.000
2483.573	250.000
2491.573	271.000
2499.573	253.000
2507.573	255.000
2515.573	211.000
2523.573	257.000
2531.574	238.000
2539.574	250.000
2547.574	225.000
2555.574	232.000
2563.574	214.000
2571.574	215.000
2579.575	232.000
2587.575	197.000
2595.575	240.000
2603.575	229.000
2611.575	241.000
2619.575	217.000
2627.576	210.000
2635.576	230.000
2643.576	226.000
2651.576	224.000
2659.576	236.000
2667.576	203.000
2675.577	221.000
2683.577	216.000
2691.577	221.000
2699.577	248.000
2707.577	234.000
2715.577	247.000
2723.578	232.000
2731.578	254.000
2739.578	252.000
2747.578	260.000
2755.578	254.000
2763.578	261.000
2771.579	254.000
2779.579	276.000
2787.579	280.000
2795.579	244.000
2803.579	295.000
2811.579	296.000
2819.580	288.000
2827.580	266.000
2835.580	304.000
2843.580	324.000
2851.580	306.000
2859.580	345.000
2867.581	306.000
2875.581	338.000
2883.581	346.000
2891.581	347.000
2899.581	351.000
2907.581	350.000
2915.582	345.000
2923.582	357.000
2931.582	366.000
2939.582	357.000
2947.582	389.000
2955.582	389.000
2963.583	444.000
2971.583	431.000
2979.583	427.000
2987.583	429.000
2995.583	452.000
3003.583	404.000
3011.584	396.000
3019.584	451.000
3027.584	438.000
3035.584	453.000
3043.584	450.000
3051.584	449.000
3059.585	441.000
3067.585	437.000
3075.585	431.000
3083.585	421.000
3091.585	465.000
3099.585	393.000
3107.586	409.000
3115.586	418.000
3123.586	408.000
3131.586	409.000
3139.586	436.000
3147.586	409.000
3155.587	400.000
3163.587	382.000
3171.587	371.000
3179.587	365.000
3187.587	349.000
3195.587	352.000
3203.588	354.000
3211.588	298.000
3219.588	341.000
3227.588	323.000
3235.588	341.000
3243.588	335.000
3251.589	320.000
3259.589	369.000
3267.589	288.000
3275.589	256.000
3283.589	327.000
3291.589	266.000
3299.590	283.000
3307.590	268.000
3315.590	261.000
3323.590	248.000
3331.590	277.000
3339.590	246.000
3347.591	233.000
3355.591	271.000
3363.591	250.000
3371.591	252.000
3379.591	225.000
3387.591	244.000
3395.592	206.000
3403.592	247.000
3411.592	239.000
3419.592	254.000
3427.592	246.000
3435.592	252.000
3443.593	232.000
3451.593	235.000
3459.593	228.000
3467.593	265.000
3475.593	273.000
3483.593	256.000
3491.594	246.000
3499.594	253.000
3507.594	243.000
3515.594	244.000
3523.594	270.000
3531.594	257.000
3539.595	273.000
3547.595	266.000
3555.595	299.000
3563.595	271.000
3571.595	304.000
3579.595	290.000
3587.596	300.000
3595.596	308.000
3603.596	316.000
3611.596	303.000
3619.596	296.000
3627.596	375.000
3635.597	327.000
3643.597	357.000
3651.597	353.000
3659.597	340.000
3667.597	360.000
3675.597	372.000
3683.598	371.000
3691.598	390.000
3699.598	396.000
3707.598	375.000
3715.598	407.000
3723.598	418.000
3731.599	417.000
3739.599	466.000
3747.599	419.000
3755.599	435.000
3763.599	462.000
3771.599	470.000
3779.600	434.000
3787.600	469.000
3795.600	489.000
3803.600	464.000
3811.600	474.000
3819.600	491.000
3827.601	487.000
3835.601	516.000
3843.601	472.000
3851.601	497.000
3859.601	493.000
3867.601	459.000
3875.602	495.000
3883.602	526.000
3891.602	498.000
3899.602	484.000
3907.602	484.000
3915.602	461.000
3923.603	472.000
3931.603	453.000
3939.603	432.000
3947.603	434.000
3955.603	451.000
3963.603	433.000
3971.604	478.000
3979.604	432.000
3987.604	407.000
3995.604	422.000
4003.604	373.000
4011.604	380.000
4019.605	369.000
4027.605	361.000
4035.605	358.000
4043.605	349.000
4051.605	383.000
4059.605	329.000
4067.606	323.000
4075.606	334.000
4083.606	299.000
4091.606	306.000
4099.606	329.000
4107.606	298.000
4115.607	293.000
4123.607	268.000
4131.607	286.000
4139.607	285.000
4147.607	283.000
4155.607	271.000
4163.608	295.000
4171.608	281.000
4179.608	279.000
4187.608	263.000
4195.608	291.000
4203.608	268.000
4211.609	272.000
4219.609	251.000
4227.609	278.000
4235.609	287.000
4243.609	291.000
4251.609	280.000
4259.610	290.000
4267.610	298.000
4275.610	272.000
4283.610	285.000
4291.610	261.000
4299.610	299.000
4307.611	284.000
4315.611	319.000
4323.611	317.000
4331.611	308.000
4339.611	306.000
4347.611	326.000
4355.612	317.000
4363.612	297.000
4371.612	352.000
4379.612	374.000
4387.612	372.000
4395.612	366.000
4403.613	392.000
4411.613	374.000
4419.613	381.000
4427.613	406.000
4435.613	408.000
4443.613	385.000
4451.614	409.000
4459.614	402.000
4467.614	452.000
4475.614	448.000
4483.614	465.000
4491.614	444.000
4499.615	443.000
4507.615	496.000
4515.615	482.000
4523.615	480.000
4531.615	527.000
4539.615	522.000
4547.616	509.000
4555.616	523.000
4563.616	543.000
4571.616	581.000
4579.616	576.000
4587.616	518.000
4595.617	569.000
4603.617	562.000
4611.617	548.000
4619.617	583.000
4627.617	585.000
4635.617	609.000
4643.618	577.000
4651.618	588.000
4659.618	615.000
4667.618	604.000
4675.618	572.000
4683.618	551.000
4691.619	579.000
4699.619	562.000
4707.619	593.000
4715.619	552.000
4723.619	567.000
4731.619	593.000
4739.620	574.000
4747.620	488.000
4755.620	517.000
4763.620	514.000
4771.620	495.000
4779.620	514.000
4787.621	460.000
4795.621	478.000
4803.621	444.000
4811.621	450.000
4819.621	444.000
4827.621	422.000
4835.622	427.000
4843.622	447.000
4851.622	407.000
4859.622	413.000
4867.622	402.000
4875.622	398.000
4883.623	376.000
4891.623	348.000
4899.623	378.000
4907.623	356.000
4915.623	373.000
4923.623	366.000
4931.624	350.000
4939.624	366.000
4947.624	338.000
4955.624	340.000
4963.624	325.000
4971.624	311.000
4979.625	326.000
4987.625	308.000
4995.625	299.000
5003.625	333.000
5011.625	311.000
5019.625	312.000
5027.626	317.000
5035.626	321.000
5043.626	340.000
5051.626	346.000
5059.626	323.000
5067.626	341.000
5075.627	350.000
5083.627	322.000
5091.627	309.000
5099.627	370.000
5107.627	330.000
5115.627	338.000
5123.628	365.000
5131.628	336.000
5139.628	358.000
5147.628	386.000
5155.628	421.000
5163.628	370.000
5171.629	366.000
5179.629	391.000
5187.629	440.000
5195.629	406.000
5203.629	415.000
5211.629	468.000
5219.630	404.000
5227.630	449.000
5235.630	418.000
5243.630	471.000
5251.630	516.000
5259.630	485.000
5267.631	521.000
5275.631	494.000
5283.631	527.000
5291.631	522.000
5299.631	525.000
5307.631	553.000
5315.632	561.000
5323.632	537.000
5331.632	593.000
5339.632	576.000
5347.632	645.000
5355.632	588.000
5363.633	615.000
5371.633	606.000
5379.633	667.000
5387.633	619.000
5395.633	609.000
5403.633	657.000
5411.634	603.000
5419.634	665.000
5427.634	680.000
5435.634	643.000
5443.634	650.000
5451.634	630.000
5459.635	672.000
5467.635	652.000
5475.635	642.000
5483.635	668.000
5491.635	632.000
5499.635	663.000
5507.636	627.000
5515.636	600.000
5523.636	653.000
5531.636	612.000
5539.636	597.000
5547.636	614.000
5555.637	607.000
5563.637	585.000
5571.637	536.000
5579.637	577.000
5587.637	570.000
5595.637	523.000
5603.638	533.000
5611.638	531.000
5619.638	482.000
5627.638	460.000
5635.638	515.000
5643.638	468.000
5651.639	449.000
5659.639	464.000
5667.639	451.000
5675.639	432.000
5683.639	417.000
5691.639	400.000
5699.640	425.000
5707.640	404.000
5715.640	369.000
5723.640	340.000
5731.640	393.000
5739.640	391.000
5747.641	371.000
5755.641	387.000
5763.641	397.000
5771.641	358.000
5779.641	364.000
5787.641	364.000
5795.642	337.000
5803.642	404.000
5811.642	383.000
5819.642	359.000
5827.642	356.000
5835.642	342.000
5843.643	370.000
5851.643	358.000
5859.643	404.000
5867.643	338.000
5875.643	382.000
5883.643	389.000
5891.644	393.000
5899.644	393.000
5907.644	410.000
5915.644	421.000
5923.644	417.000
5931.644	446.000
5939.645	396.000
5947.645	431.000
5955.645	420.000
5963.645	441.000
5971.645	421.000
5979.645	446.000
5987.646	463.000
5995.646	488.000
6003.646	482.000
6011.646	470.000
6019.646	472.000
6027.646	486.000
6035.647	477.000
6043.647	528.000
6051.647	546.000
6059.647	536.000
6067.647	542.000
6075.647	567.000
6083.648	568.000
6091.648	617.000
6099.648	641.000
6107.648	544.000
6115.648	588.000
6123.648	592.000
6131.649	577.000
6139.649	618.000
6147.649	611.000
6155.649	662.000
6163.649	717.000
6171.649	647.000
6179.650	686.000
6187.650	677.000
6195.650	697.000
6203.650	669.000
6211.650	696.000
6219.650	675.000
6227.651	711.000
6235.651	699.000
6243.651	715.000
6251.651	685.000
6259.651	683.000
6267.651	712.000
6275.652	661.000
6283.652	689.000
6291.652	711.000
6299.652	658.000
6307.652	709.000
6315.652	686.000
6323.653	650.000
6331.653	672.000
6339.653	675.000
6347.653	613.000
6355.653	649.000
6363.653	564.000
6371.654	608.000
6379.654	568.000
6387.654	634.000
6395.654	603.000
6403.654	582.000
6411.654	532.000
6419.655	530.000
6427.655	556.000
6435.655	509.000
6443.655	520.000
6451.655	535.000
6459.655	487.000
6467.656	474.000
6475.656	441.000
6483.656	456.000
6491.656	480.000
6499.656	466.000
6507.656	446.000
6515.657	437.000
6523.657	399.000
6531.657	385.000
6539.657	379.000
6547.657	384.000
6555.657	392.000
6563.658	403.000
6571.658	398.000
6579.658	424.000
6587.658	427.000
6595.658	375.000
6603.658	404.000
6611.659	365.000
6619.659	359.000
6627.659	353.000
6635.659	396.000
6643.659	363.000
6651.659	390.000
6659.660	381.000
6667.660	394.000
6675.660	372.000
6683.660	391.000
6691.660	369.000
6699.660	427.000
6707.661	378.000
6715.661	409.000
6723.661	403.000
6731.661	409.000
6739.661	423.000
6747.661	436.000
6755.662	482.000
6763.662	480.000
6771.662	476.000
6779.662	420.000
6787.662	476.000
6795.662	421.000
6803.663	500.000
6811.663	468.000
6819.663	486.000
6827.663	497.000
6835.663	504.000
6843.663	566.000
6851.664	475.000
6859.664	514.000
6867.664	557.000
6875.664	551.000
6883.664	540.000
6891.664	582.000
6899.665	603.000
6907.665	596.000
6915.665	597.000
6923.665	617.000
6931.665	585.000
6939.665	603.000
6947.666	655.000
6955.666	634.000
6963.666	645.000
6971.666	644.000
6979.666	679.000
6987.666	650.000
6995.667	742.000
7003.667	684.000
7011.667	682.000
7019.667	674.000
7027.667	656.000
7035.667	671.000
7043.668	688.000
7051.668	735.000
7059.668	678.000
7067.668	684.000
7075.668	667.000
7083.668	650.000
7091.669	675.000
7099.669	701.000
7107.669	687.000
7115.669	672.000
7123.669	637.000
7131.669	629.000
7139.670	604.000
7147.670	624.000
7155.670	641.000
7163.670	582.000
7171.670	594.000
7179.670	643.000
7187.671	608.000
7195.671	609.000
7203.671	568.000
7211.671	462.000
7219.671	527.000
7227.671	510.000
7235.672	531.000
7243.672	481.000
7251.672	472.000
7259.672	490.000
7267.672	485.000
7275.672	503.000
7283.673	456.000
7291.673	419.000
7299.673	446.000
7307.673	389.000
7315.673	414.000
7323.673	438.000
7331.674	443.000
7339.674	429.000
7347.674	398.000
7355.674	425.000
7363.674	385.000
7371.674	410.000
7379.675	416.000
7387.675	351.000
7395.675	419.000
7403.675	387.000
7411.675	424.000
7419.675	375.000
7427.676	359.000
7435.676	396.000
7443.676	372.000
7451.676	400.000
7459.676	360.000
7467.676	370.000
7475.677	374.000
7483.677	397.000
7491.677	398.000
7499.677	439.000
7507.677	405.000
7515.677	415.000
7523.678	402.000
7531.678	406.000
7539.678	432.000
7547.678	415.000
7555.678	425.000
7563.678	435.000
7571.679	401.000
7579.679	458.000
7587.679	446.000
7595.679	456.000
7603.679	468.000
7611.679	446.000
7619.680	490.000
7627.680	451.000
7635.680	463.000
7643.680	522.000
7651.680	523.000
7659.680	513.000
7667.681	501.000
7675.681	512.000
7683.681	522.000
7691.681	526.000
7699.681	567.000
7707.681	540.000
7715.682	579.000
7723.682	557.000
7731.682	604.000
7739.682	569.000
7747.682	570.000
7755.682	579.000
7763.683	572.000
7771.683	589.000
7779.683	621.000
7787.683	633.000
7795.683	619.000
7803.683	609.000
7811.684	621.000
7819.684	641.000
7827.684	618.000
7835.684	654.000
7843.684	629.000
7851.684	586.000
7859.685	662.000
7867.685	645.000
7875.685	647.000
7883.685	642.000
7891.685	682.000
7899.685	634.000
7907.686	618.000
7915.686	632.000
7923.686	683.000
7931.686	654.000
7939.686	588.000
7947.686	604.000
7955.687	544.000
7963.687	610.000
7971.687	595.000
7979.687	536.000
7987.687	616.000
7995.687	542.000
8003.688	527.000
8011.688	491.000
8019.688	508.000
8027.688	519.000
8035.688	490.000
8043.688	500.000
8051.689	488.000
8059.689	487.000
8067.689	456.000
8075.689	437.000
8083.689	477.000
8091.689	434.000
8099.690	439.000
8107.690	457.000
8115.690	417.000
8123.690	418.000
8131.690	404.000
8139.690	414.000
8147.691	395.000
8155.691	394.000
8163.691	418.000
8171.691	353.000
8179.691	393.000
8187.691	351.000
8195.692	379.000
8203.692	385.000
8211.692	384.000
8219.692	394.000
8227.692	337.000
8235.692	362.000
8243.693	365.000
8251.693	358.000
8259.693	345.000
8267.693	352.000
8275.693	354.000
8283.693	360.000
8291.694	374.000
8299.694	366.000
8307.694	361.000
8315.694	376.000
8323.694	353.000
8331.694	376.000
8339.695	400.000
8347.695	388.000
8355.695	375.000
8363.695	401.000
8371.695	371.000
8379.695	395.000
8387.696	397.000
8395.696	401.000
8403.696	426.000
8411.696	416.000
8419.696	435.000
8427.696	434.000
8435.697	445.000
8443.697	464.000
8451.697	435.000
8459.697	406.000
8467.697	470.000
8475.697	444.000
8483.698	479.000
8491.698	486.000
8499.698	472.000
8507.698	498.000
8515.698	460.000
8523.698	468.000
8531.699	505.000
8539.699	533.000
8547.699	530.000
8555.699	576.000
8563.699	574.000
8571.699	577.000
8579.700	537.000
8587.700	549.000
8595.700	549.000
8603.700	567.000
8611.700	611.000
8619.700	519.000
8627.701	541.000
8635.701	589.000
8643.701	540.000
8651.701	625.000
8659.701	555.000
8667.701	555.000
8675.702	616.000
8683.702	560.000
8691.702	588.000
8699.702	601.000
8707.702	533.000
8715.702	568.000
8723.703	591.000
8731.703	596.000
8739.703	568.000
8747.703	552.000
8755.703	571.000
8763.703	530.000
8771.704	523.000
8779.704	500.000
8787.704	489.000
8795.704	510.000
8803.704	514.000
8811.704	518.000
8819.705	496.000
8827.705	485.000
8835.705	473.000
8843.705	486.000
8851.705	425.000
8859.705	456.000
8867.706	380.000
8875.706	416.000
8883.706	426.000
8891.706	414.000
8899.706	410.000
8907.706	424.000
8915.707	381.000
8923.707	375.000
8931.707	356.000
8939.707	357.000
8947.707	385.000
8955.707	352.000
8963.708	386.000
8971.708	375.000
8979.708	340.000
8987.708	355.000
8995.708	360.000
9003.708	357.000
9011.709	322.000
9019.709	346.000
9027.709	320.000
9035.709	298.000
9043.709	339.000
9051.709	337.000
9059.710	336.000
9067.710	302.000
9075.710	313.000
9083.710	342.000
9091.710	321.000
9099.710	335.000
9107.711	337.000
9115.711	352.000
9123.711	320.000
9131.711	362.000
9139.711	337.000
9147.711	359.000
9155.712	354.000
9163.712	341.000
9171.712	333.000
9179.712	366.000
9187.712	319.000
9195.712	347.000
9203.713	368.000
9211.713	391.000
9219.713	377.000
9227.713	368.000
9235.713	410.000
9243.713	441.000
9251.714	419.000
9259.714	389.000
9267.714	409.000
9275.714	420.000
9283.714	432.000
9291.714	400.000
9299.715	425.000
9307.715	423.000
9315.715	447.000
9323.715	463.000
9331.715	453.000
9339.715	483.000
9347.716	456.000
9355.716	484.000
9363.716	452.000
9371.716	492.000
9379.716	483.000
9387.716	453.000
9395.717	484.000
9403.717	510.000
9411.717	537.000
9419.717	507.000
9427.717	510.000
9435.717	521.000
9443.718	515.000
9451.718	513.000
9459.718	552.000
9467.718	514.000
9475.718	523.000
9483.718	546.000
9491.719	479.000
9499.719	526.000
9507.719	529.000
9515.719	484.000
9523.719	484.000
9531.719	484.000
9539.720	536.000
9547.720	485.000
9555.720	461.000
9563.720	471.000
9571.720	534.000
9579.720	482.000
9587.721	464.000
9595.721	416.000
9603.721	425.000
9611.721	454.000
9619.721	434.000
9627.721	448.000
9635.722	433.000
9643.722	404.000
9651.722	461.000
9659.722	419.000
9667.722	438.000
9675.722	407.000
9683.723	392.000
9691.723	401.000
9699.723	340.000
9707.723	365.000
9715.723	380.000
9723.723	355.000
9731.724	334.000
9739.724	379.000
9747.724	332.000
9755.724	330.000
9763.724	313.000
9771.724	316.000
9779.725	321.000
9787.725	302.000
9795.725	308.000
9803.725	314.000
9811.725	342.000
9819.725	270.000
9827.726	312.000
9835.726	332.000
9843.726	308.000
9851.726	300.000
9859.726	295.000
9867.726	303.000
9875.727	295.000
9883.727	303.000
9891.727	275.000
9899.727	264.000
9907.727	312.000
9915.727	315.000
9923.728	275.000
9931.728	289.000
9939.728	319.000
9947.728	294.000
9955.728	317.000
9963.728	312.000
9971.729	283.000
9979.729	320.000
9987.729	314.000
9995.729	286.000
10003.729	310.000
10011.729	341.000
10019.730	311.000
10027.730	311.000
10035.730	322.000
10043.730	367.000
10051.730	339.000
10059.730	340.000
10067.731	337.000
10075.731	315.000
10083.731	369.000
10091.731	365.000
10099.731	351.000
10107.731	365.000
10115.732	395.000
10123.732	406.000
10131.732	396.000
10139.732	400.000
10147.732	430.000
10155.732	410.000
10163.733	434.000
10171.733	398.000
10179.733	404.000
10187.733	391.000
10195.733	381.000
10203.733	411.000
10211.734	444.000
10219.734	477.000
10227.734	488.000
10235.734	447.000
10243.734	465.000
10251.734	482.000
10259.735	460.000
10267.735	412.000
10275.735	489.000
10283.735	466.000
10291.735	432.000
10299.735	439.000
10307.736	394.000
10315.736	454.000
10323.736	470.000
10331.736	433.000
10339.736	413.000
10347.736	446.000
10355.737	439.000
10363.737	398.000
10371.737	426.000
10379.737	396.000
10387.737	412.000
10395.737	441.000
10403.738	408.000
10411.738	413.000
10419.738	402.000
10427.738	380.000
10435.738	360.000
10443.738	403.000
10451.739	386.000
10459.739	354.000
10467.739	377.000
10475.739	349.000
10483.739	354.000
10491.739	370.000
10499.740	355.000
10507.740	328.000
10515.740	359.000
10523.740	327.000
10531.740	293.000
10539.740	342.000
10547.741	337.000
10555.741	315.000
10563.741	316.000
10571.741	295.000
10579.741	323.000
10587.741	269.000
10595.742	288.000
10603.742	298.000
10611.742	261.000
10619.742	304.000
10627.742	292.000
10635.742	282.000
10643.743	304.000
10651.743	237.000
10659.743	290.000
10667.743	247.000
10675.743	261.000
10683.743	262.000
10691.744	278.000
10699.744	291.000
10707.744	262.000
10715.744	275.000
10723.744	266.000
10731.744	254.000
10739.745	267.000
10747.745	251.000
10755.745	258.000
10763.745	259.000
10771.745	288.000
10779.745	320.000
10787.746	289.000
10795.746	281.000
10803.746	291.000
10811.746	277.000
10819.746	279.000
10827.746	297.000
10835.747	281.000
10843.747	292.000
10851.747	315.000
10859.747	296.000
10867.747	275.000
10875.747	315.000
10883.748	319.000
10891.748	315.000
10899.748	339.000
10907.748	347.000
10915.748	340.000
10923.748	333.000
10931.749	350.000
10939.749	329.000
10947.749	327.000
10955.749	344.000
10963.749	387.000
10971.749	397.000
10979.750	381.000
10987.750	359.000
10995.750	372.000
11003.750	384.000
11011.750	381.000
11019.750	381.000
11027.751	367.000
11035.751	370.000
11043.751	411.000
11051.751	396.000
11059.751	426.000
11067.751	408.000
11075.752	391.000
11083.752	394.000
11091.752	403.000
11099.752	445.000
11107.752	382.000
11115.752	342.000
11123.753	383.000
11131.753	397.000
11139.753	390.000
11147.753	383.000
11155.753	370.000
11163.753	437.000
11171.754	398.000
11179.754	369.000
11187.754	401.000
11195.754	425.000
11203.754	398.000
11211.754	366.000
11219.755	362.000
11227.755	365.000
11235.755	320.000
11243.755	345.000
11251.755	357.000
11259.755	364.000
11267.756	323.000
11275.756	354.000
11283.756	343.000
11291.756	321.000
11299.756	310.000
11307.756	336.000
11315.757	323.000
11323.757	301.000
11331.757	277.000
11339.757	298.000
11347.757	258.000
11355.757	275.000
11363.758	293.000
11371.758	253.000
11379.758	278.000
11387.758	270.000
11395.758	284.000
11403.758	268.000
11411.759	238.000
11419.759	251.000
11427.759	265.000
11435.759	231.000
11443.759	242.000
11451.759	275.000
11459.760	216.000
11467.760	238.000
11475.760	271.000
11483.760	224.000
11491.760	253.000
11499.760	240.000
11507.761	260.000
11515.761	239.000
11523.761	259.000
11531.761	271.000
11539.761	264.000
11547.761	217.000
11555.762	256.000
11563.762	219.000
11571.762	248.000
11579.762	245.000
11587.762	221.000
11595.762	241.000
11603.763	247.000
11611.763	284.000
11619.763	273.000
11627.763	245.000
11635.763	246.000
11643.763	261.000
11651.764	299.000
11659.764	264.000
11667.764	274.000
11675.764	280.000
11683.764	282.000
11691.764	277.000
11699.765	300.000
11707.765	312.000
11715.765	286.000
11723.765	305.000
11731.765	288.000
11739.765	306.000
11747.766	311.000
11755.766	313.000
11763.766	338.000
11771.766	340.000
11779.766	339.000
11787.766	339.000
11795.767	316.000
11803.767	354.000
11811.767	322.000
11819.767	339.000
11827.767	332.000
11835.767	368.000
11843.768	349.000
11851.768	334.000
11859.768	402.000
11867.768	359.000
11875.768	356.000
11883.768	380.000
11891.769	343.000
11899.769	349.000
11907.769	342.000
11915.769	363.000
11923.769	369.000
11931.769	352.000
11939.770	343.000
11947.770	382.000
11955.770	387.000
11963.770	376.000
11971.770	320.000
11979.770	371.000
11987.771	366.000
11995.771	327.000
12003.771	348.000
12011.771	375.000
12019.771	380.000
12027.771	336.000
12035.772	317.000
12043.772	338.000
12051.772	337.000
12059.772	315.000
12067.772	328.000
12075.772	327.000
12083.773	291.000
12091.773	319.000
12099.773	279.000
12107.773	284.000
12115.773	293.000
12123.773	283.000
12131.774	286.000
12139.774	273.000
12147.774	275.000
12155.774	282.000
12163.774	272.000
12171.774	275.000
12179.775	245.000
12187.775	231.000
12195.775	226.000
12203.775	229.000
12211.775	229.000
12219.775	268.000
12227.776	221.000
12235.776	249.000
12243.776	204.000
12251.776	218.000
12259.776	238.000
12267.776	243.000
12275.777	226.000
12283.777	251.000
12291.777	242.000
12299.777	231.000
12307.777	224.000
12315.777	204.000
12323.778	217.000
12331.778	227.000
12339.778	224.000
12347.778	212.000
12355.778	251.000
12363.778	232.000
12371.779	231.000
12379.779	215.000
12387.779	256.000
12395.779	227.000
12403.779	245.000
12411.779	236.000
12419.780	265.000
12427.780	231.000
12435.780	260.000
12443.780	231.000
12451.780	245.000
12459.780	261.000
12467.781	259.000
12475.781	254.000
12483.781	256.000
12491.781	269.000
12499.781	292.000
12507.781	269.000
12515.782	282.000
12523.782	285.000
12531.782	257.000
12539.782	297.000
12547.782	299.000
12555.782	320.000
12563.783	297.000
12571.783	308.000
12579.783	299.000
12587.783	283.000
12595.783	312.000
12603.783	338.000
12611.784	288.000
12619.784	305.000
12627.784	328.000
12635.784	359.000
12643.784	293.000
12651.784	285.000
12659.785	327.000
12667.785	326.000
12675.785	311.000
12683.785	309.000
12691.785	305.000
12699.785	332.000
12707.786	344.000
12715.786	349.000
12723.786	341.000
12731.786	321.000
12739.786	329.000
12747.786	346.000
12755.787	341.000
12763.787	332.000
12771.787	336.000
12779.787	348.000
12787.787	327.000
12795.787	336.000
12803.788	352.000
12811.788	363.000
12819.788	355.000
12827.788	331.000
12835.788	319.000
12843.788	335.000
12851.789	332.000
12859.789	302.000
12867.789	300.000
12875.789	318.000
12883.789	286.000
12891.789	291.000
12899.790	287.000
12907.790	302.000
12915.790	284.000
12923.790	273.000
12931.790	282.000
12939.790	255.000
12947.791	282.000
12955.791	281.000
12963.791	272.000
12971.791	232.000
12979.791	223.000
12987.791	246.000
12995.792	264.000
13003.792	249.000
13011.792	272.000
13019.792	213.000
13027.792	235.000
13035.792	228.000
13043.793	227.000
13051.793	212.000
13059.793	215.000
13067.793	234.000
13075.793	224.000
13083.793	227.000
13091.794	218.000
13099.794	215.000
13107.794	222.000
13115.794	206.000
13123.794	218.000
13131.794	205.000
13139.795	195.000
13147.795	187.000
13155.795	219.000
13163.795	224.000
13171.795	227.000
13179.795	197.000
13187.796	206.000
13195.796	197.000
13203.796	223.000
13211.796	198.000
13219.796	226.000
13227.796	203.000
13235.797	208.000
13243.797	246.000
13251.797	236.000
13259.797	210.000
13267.797	238.000
13275.797	220.000
13283.798	254.000
13291.798	256.000
13299.798	229.000
13307.798	243.000
13315.798	250.000
13323.798	249.000
13331.799	254.000
13339.799	271.000
13347.799	265.000
13355.799	257.000
13363.799	306.000
13371.799	259.000
13379.800	304.000
13387.800	285.000
13395.800	298.000
13403.800	309.000
13411.800	281.000
13419.800	308.000
13427.801	284.000
13435.801	304.000
13443.801	308.000
13451.801	303.000
13459.801	316.000
13467.801	310.000
13475.802	303.000
13483.802	294.000
13491.802	332.000
13499.802	312.000
13507.802	333.000
13515.802	338.000
13523.803	303.000
13531.803	320.000
13539.803	362.000
13547.803	332.000
13555.803	326.000
13563.803	309.000
13571.804	331.000
13579.804	312.000
13587.804	324.000
13595.804	328.000
13603.804	310.000
13611.804	352.000
13619.805	295.000
13627.805	317.000
13635.805	326.000
13643.805	286.000
13651.805	330.000
13659.805	322.000
13667.806	311.000
13675.806	295.000
13683.806	272.000
13691.806	296.000
13699.806	292.000
13707.806	295.000
13715.807	272.000
13723.807	272.000
13731.807	283.000
13739.807	266.000
13747.807	250.000
13755.807	247.000
13763.808	256.000
13771.808	261.000
13779.808	263.000
13787.808	246.000
13795.808	235.000
13803.808	234.000
13811.809	249.000
13819.809	235.000
13827.809	213.000
13835.809	241.000
13843.809	223.000
13851.809	215.000
13859.810	213.000
13867.810	226.000
13875.810	204.000
13883.810	223.000
13891.810	198.000
13899.810	176.000
13907.811	187.000
13915.811	181.000
13923.811	226.000
13931.811	227.000
13939.811	181.000
13947.811	203.000
13955.812	183.000
13963.812	204.000
13971.812	189.000
13979.812	214.000
13987.812	177.000
13995.812	229.000
14003.813	202.000
14011.813	223.000
14019.813	202.000
14027.813	185.000
14035.813	210.000
14043.813	218.000
14051.814	207.000
14059.814	193.000
14067.814	205.000
14075.814	264.000
14083.814	217.000
14091.814	230.000
14099.815	231.000
14107.815	211.000
14115.815	243.000
14123.815	229.000
14131.815	260.000
14139.815	258.000
14147.816	217.000
14155.816	241.000
14163.816	268.000
14171.816	300.000
14179.816	272.000
14187.816	246.000
14195.817	257.000
14203.817	274.000
14211.817	264.000
14219.817	255.000
14227.817	276.000
14235.817	294.000
14243.818	286.000
14251.818	296.000
14259.818	291.000
14267.818	278.000
14275.818	327.000
14283.818	300.000
14291.819	281.000
14299.819	306.000
14307.819	315.000
14315.819	312.000
14323.819	300.000
14331.819	307.000
14339.820	343.000
14347.820	303.000
14355.820	316.000
14363.820	308.000
14371.820	328.000
14379.820	321.000
14387.821	304.000
14395.821	317.000
14403.821	353.000
14411.821	296.000
14419.821	308.000
14427.821	325.000
14435.822	330.000
14443.822	282.000
14451.822	320.000
14459.822	309.000
14467.822	298.000
14475.822	289.000
14483.823	308.000
14491.823	278.000
14499.823	304.000
14507.823	277.000
14515.823	275.000
14523.823	261.000
14531.824	285.000
14539.824	237.000
14547.824	253.000
14555.824	258.000
14563.824	261.000
14571.824	236.000
14579.825	245.000
14587.825	237.000
14595.825	265.000
14603.825	241.000
14611.825	247.000
14619.825	226.000
14627.826	240.000
14635.826	261.000
14643.826	218.000
14651.826	208.000
14659.826	207.000
14667.826	199.000
14675.827	219.000
14683.827	204.000
14691.827	205.000
14699.827	218.000
14707.827	208.000
14715.827	216.000
14723.828	199.000
14731.828	206.000
14739.828	199.000
14747.828	213.000
14755.828	213.000
14763.828	215.000
14771.829	186.000
14779.829	209.000
14787.829	176.000
14795.829	179.000
14803.829	211.000
14811.829	213.000
14819.830	187.000
14827.830	188.000
14835.830	219.000
14843.830	208.000
14851.830	185.000
14859.830	212.000
14867.831	197.000
14875.831	218.000
14883.831	234.000
14891.831	253.000
14899.831	224.000
14907.831	208.000
14915.832	213.000
14923.832	218.000
14931.832	235.000
14939.832	246.000
14947.832	232.000
14955.832	229.000
14963.833	223.000
14971.833	250.000
14979.833	230.000
14987.833	251.000
14995.833	240.000
15003.833	246.000
15011.834	252.000
15019.834	262.000
15027.834	264.000
15035.834	278.000
15043.834	278.000
15051.834	296.000
15059.835	281.000
15067.835	283.000
15075.835	248.000
15083.835	263.000
15091.835	299.000
15099.835	276.000
15107.836	328.000
15115.836	308.000
15123.836	306.000
15131.836	304.000
15139.836	300.000
15147.836	313.000
15155.837	279.000
15163.837	301.000
15171.837	293.000
15179.837	303.000
15187.837	333.000
15195.837	256.000
15203.838	325.000
15211.838	319.000
15219.838	317.000
15227.838	342.000
15235.838	337.000
15243.838	282.000
15251.839	335.000
15259.839	300.000
15267.839	315.000
15275.839	316.000
15283.839	313.000
15291.839	294.000
15299.840	296.000
15307.840	303.000
15315.840	281.000
15323.840	270.000
15331.840	268.000
15339.840	282.000
15347.841	295.000
15355.841	280.000
15363.841	248.000
15371.841	288.000
15379.841	279.000
15387.841	289.000
15395.842	291.000
15403.842	262.000
15411.842	268.000
15419.842	217.000
15427.842	243.000
15435.842	240.000
15443.843	254.000
15451.843	222.000
15459.843	221.000
15467.843	211.000
15475.843	238.000
15483.843	236.000
15491.844	209.000
15499.844	231.000
15507.844	219.000
15515.844	219.000
15523.844	230.000
15531.844	203.000
15539.845	200.000
15547.845	188.000
15555.845	194.000
15563.845	186.000
15571.845	205.000
15579.845	179.000
15587.846	182.000
15595.846	204.000
15603.846	197.000
15611.846	210.000
15619.846	210.000
15627.846	207.000
15635.847	197.000
15643.847	193.000
15651.847	201.000
15659.847	219.000
15667.847	209.000
15675.847	201.000
15683.848	200.000
15691.848	224.000
15699.848	219.000
15707.848	212.000
15715.848	204.000
15723.848	206.000
15731.849	204.000
15739.849	223.000
15747.849	222.000
15755.849	201.000
15763.849	212.000
15771.849	230.000
15779.850	266.000
15787.850	255.000
15795.850	263.000
15803.850	240.000
15811.850	245.000
15819.850	280.000
15827.851	253.000
15835.851	269.000
15843.851	307.000
15851.851	263.000
15859.851	288.000
15867.851	307.000
15875.852	254.000
15883.852	325.000
15891.852	301.000
15899.852	311.000
15907.852	292.000
15915.852	311.000
15923.853	332.000
15931.853	311.000
15939.853	308.000
15947.853	322.000
15955.853	298.000
15963.853	327.000
15971.854	326.000
15979.854	299.000
15987.854	288.000
15995.854	328.000
16003.854	353.000
16011.854	293.000
16019.855	334.000
16027.855	340.000
16035.855	300.000
16043.855	331.000
16051.855	331.000
16059.855	295.000
16067.856	294.000
16075.856	301.000
16083.856	329.000
16091.856	301.000
16099.856	328.000
16107.856	299.000
16115.857	297.000
16123.857	315.000
16131.857	299.000
16139.857	312.000
16147.857	291.000
16155.857	274.000
16163.858	274.000
16171.858	274.000
16179.858	305.000
16187.858	258.000
16195.858	286.000
16203.858	298.000
16211.859	264.000
16219.859	259.000
16227.859	250.000
16235.859	252.000
16243.859	262.000
16251.859	254.000
16259.860	255.000
16267.860	223.000
16275.860	228.000
16283.860	248.000
16291.860	251.000
16299.860	227.000
16307.861	216.000
16315.861	233.000
16323.861	220.000
16331.861	238.000
16339.861	221.000
16347.861	230.000
16355.862	268.000
16363.862	224.000
16371.862	182.000
16379.862	190.000
16387.862	234.000
16395.862	221.000
16403.863	234.000
16411.863	215.000
16419.863	219.000
16427.863	208.000
16435.863	217.000
16443.863	191.000
16451.864	241.000
16459.864	204.000
16467.864	217.000
16475.864	204.000
16483.864	208.000
16491.864	183.000
16499.865	241.000
16507.865	272.000
16515.865	226.000
16523.865	214.000
16531.865	247.000
16539.865	210.000
16547.866	227.000
16555.866	214.000
16563.866	223.000
16571.866	223.000
16579.866	214.000
16587.866	258.000
16595.867	263.000
16603.867	243.000
16611.867	311.000
16619.867	257.000
16627.867	289.000
16635.867	293.000
16643.868	249.000
16651.868	296.000
16659.868	299.000
16667.868	271.000
16675.868	285.000
16683.868	309.000
16691.869	308.000
16699.869	288.000
16707.869	256.000
16715.869	286.000
16723.869	307.000
16731.869	313.000
16739.870	308.000
16747.870	341.000
16755.870	302.000
16763.870	311.000
16771.870	327.000
16779.870	311.000
16787.871	318.000
16795.871	368.000
16803.871	328.000
16811.871	346.000
16819.871	339.000
16827.871	343.000
16835.872	337.000
16843.872	358.000
16851.872	350.000
16859.872	358.000
16867.872	333.000
16875.872	347.000
16883.873	364.000
16891.873	330.000
16899.873	302.000
16907.873	342.000
16915.873	337.000
16923.873	309.000
16931.874	322.000
16939.874	327.000
16947.874	311.000
16955.874	314.000
16963.874	319.000
16971.874	295.000
16979.875	320.000
16987.875	313.000
16995.875	333.000
17003.875	281.000
17011.875	305.000
17019.875	304.000
17027.876	310.000
17035.876	316.000
17043.876	269.000
17051.876	295.000
17059.876	290.000
17067.876	269.000
17075.877	260.000
17083.877	272.000
17091.877	276.000
17099.877	263.000
17107.877	251.000
17115.877	267.000
17123.878	252.000
17131.878	240.000
17139.878	250.000
17147.878	276.000
17155.878	239.000
17163.878	231.000
17171.879	235.000
17179.879	226.000
17187.879	245.000
17195.879	245.000
17203.879	250.000
17211.879	202.000
17219.880	243.000
17227.880	203.000
17235.880	206.000
17243.880	236.000
17251.880	225.000
17259.880	230.000
17267.881	221.000
17275.881	223.000
17283.881	217.000
17291.881	252.000
17299.881	235.000
17307.881	239.000
17315.882	224.000
17323.882	226.000
17331.882	224.000
17339.882	244.000
17347.882	243.000
17355.882	250.000
17363.883	236.000
17371.883	252.000
17379.883	238.000
17387.883	253.000
17395.883	263.000
17403.883	268.000
17411.884	272.000
17419.884	257.000
17427.884	268.000
17435.884	285.000
17443.884	290.000
17451.884	327.000
17459.885	309.000
17467.885	295.000
17475.885	296.000
17483.885	301.000
17491.885	293.000
17499.885	321.000
17507.886	316.000
17515.886	337.000
17523.886	338.000
17531.886	319.000
17539.886	313.000
17547.886	316.000
17555.887	297.000
17563.887	331.000
17571.887	321.000
17579.887	350.000
17587.887	340.000
17595.887	328.000
17603.888	338.000
17611.888	340.000
17619.888	341.000
17627.888	330.000
17635.888	358.000
17643.888	339.000
17651.889	359.000
17659.889	354.000
17667.889	365.000
17675.889	359.000
17683.889	368.000
17691.889	391.000
17699.890	360.000
17707.890	309.000
17715.890	346.000
17723.890	405.000
17731.890	311.000
17739.890	334.000
17747.891	365.000
17755.891	363.000
17763.891	358.000
17771.891	342.000
17779.891	306.000
17787.891	334.000
17795.892	325.000
17803.892	320.000
17811.892	314.000
17819.892	362.000
17827.892	322.000
17835.892	327.000
17843.893	307.000
17851.893	297.000
17859.893	288.000
17867.893	300.000
17875.893	284.000
17883.893	259.000
17891.894	307.000
17899.894	303.000
17907.894	284.000
17915.894	243.000
17923.894	334.000
17931.894	263.000
17939.895	260.000
17947.895	240.000
17955.895	270.000
17963.895	244.000
17971.895	259.000
17979.895	261.000
17987.896	283.000
17995.896	241.000
18003.896	265.000
18011.896	236.000
18019.896	235.000
18027.896	233.000
18035.897	259.000
18043.897	242.000
18051.897	246.000
18059.897	239.000
18067.897	258.000
18075.897	260.000
18083.898	257.000
18091.898	245.000
18099.898	260.000
18107.898	231.000
18115.898	217.000
18123.898	223.000
18131.899	261.000
18139.899	263.000
18147.899	262.000
18155.899	251.000
18163.899	220.000
18171.899	278.000
18179.900	261.000
18187.900	285.000
18195.900	277.000
18203.900	282.000
18211.900	259.000
18219.900	265.000
18227.901	259.000
18235.901	291.000
18243.901	262.000
18251.901	283.000
18259.901	256.000
18267.901	290.000
18275.902	308.000
18283.902	314.000
18291.902	309.000
18299.902	319.000
18307.902	309.000
18315.902	338.000
18323.903	313.000
18331.903	302.000
18339.903	358.000
18347.903	373.000
18355.903	323.000
18363.903	357.000
18371.904	317.000
18379.904	348.000
18387.904	341.000
18395.904	334.000
18403.904	337.000
18411.904	340.000
18419.905	377.000
18427.905	369.000
18435.905	357.000
18443.905	352.000
18451.905	357.000
18459.905	334.000
18467.906	369.000
18475.906	401.000
18483.906	383.000
18491.906	378.000
18499.906	373.000
18507.906	389.000
18515.907	406.000
18523.907	394.000
18531.907	386.000
18539.907	395.000
18547.907	386.000
18555.907	368.000
18563.908	396.000
18571.908	345.000
18579.908	393.000
18587.908	386.000
18595.908	359.000
18603.908	386.000
18611.909	389.000
18619.909	338.000
18627.909	369.000
18635.909	375.000
18643.909	359.000
18651.909	339.000
18659.910	359.000
18667.910	326.000
18675.910	327.000
18683.910	320.000
18691.910	340.000
18699.910	321.000
18707.911	301.000
18715.911	326.000
18723.911	284.000
18731.911	313.000
18739.911	293.000
18747.911	290.000
18755.912	284.000
18763.912	282.000
18771.912	314.000
18779.912	268.000
18787.912	287.000
18795.912	255.000
18803.913	283.000
18811.913	307.000
18819.913	297.000
18827.913	289.000
18835.913	287.000
18843.913	266.000
18851.914	282.000
18859.914	245.000
18867.914	252.000
18875.914	244.000
18883.914	255.000
18891.914	244.000
18899.915	226.000
18907.915	251.000
18915.915	267.000
18923.915	285.000
18931.915	250.000
18939.915	260.000
18947.916	260.000
18955.916	268.000
18963.916	258.000
18971.916	265.000
18979.916	247.000
18987.916	295.000
18995.917	304.000
19003.917	273.000
19011.917	280.000
19019.917	295.000
19027.917	305.000
19035.917	276.000
19043.918	293.000
19051.918	307.000
19059.918	268.000
19067.918	310.000
19075.918	308.000
19083.918	336.000
19091.919	307.000
19099.919	332.000
19107.919	303.000
19115.919	320.000
19123.919	310.000
19131.919	330.000
19139.920	311.000
19147.920	328.000
19155.920	354.000
19163.920	346.000
19171.920	327.000
19179.920	315.000
19187.921	345.000
19195.921	339.000
19203.921	333.000
19211.921	377.000
19219.921	368.000
19227.921	328.000
19235.922	393.000
19243.922	395.000
19251.922	390.000
19259.922	398.000
19267.922	388.000
19275.922	392.000
19283.923	393.000
19291.923	438.000
19299.923	402.000
19307.923	404.000
19315.923	408.000
19323.923	441.000
19331.924	374.000
19339.924	375.000
19347.924	379.000
19355.924	408.000
19363.924	418.000
19371.924	370.000
19379.925	381.000
19387.925	368.000
19395.925	394.000
19403.925	406.000
19411.925	363.000
19419.925	376.000
19427.926	358.000
19435.926	419.000
19443.926	383.000
19451.926	365.000
19459.926	354.000
19467.926	419.000
19475.927	382.000
19483.927	359.000
19491.927	378.000
19499.927	318.000
19507.927	330.000
19515.927	353.000
19523.928	322.000
19531.928	333.000
19539.928	365.000
19547.928	320.000
19555.928	320.000
19563.928	310.000
19571.929	303.000
19579.929	306.000
19587.929	322.000
19595.929	333.000
19603.929	310.000
19611.929	281.000
19619.930	312.000
19627.930	313.000
19635.930	319.000
19643.930	276.000
19651.930	282.000
19659.930	275.000
19667.931	249.000
19675.931	284.000
19683.931	287.000
19691.931	264.000
19699.931	259.000
19707.931	289.000
19715.932	275.000
19723.932	306.000
19731.932	244.000
19739.932	265.000
19747.932	265.000
19755.932	292.000
19763.933	268.000
19771.933	281.000
19779.933	271.000
19787.933	275.000
19795.933	273.000
19803.933	272.000
19811.934	273.000
19819.934	289.000
19827.934	277.000
19835.934	288.000
19843.934	286.000
19851.934	309.000
19859.935	296.000
19867.935	272.000
19875.935	303.000
19883.935	316.000
19891.935	313.000
19899.935	342.000
19907.936	355.000
19915.936	314.000
19923.936	293.000
19931.936	345.000
19939.936	331.000
19947.936	328.000
19955.937	366.000
19963.937	350.000
19971.937	347.000
19979.937	366.000
19987.937	346.000
19995.937	347.000
20003.938	363.000
20011.938	337.000
20019.938	351.000
20027.938	404.000
20035.938	353.000
20043.938	405.000
20051.939	382.000
20059.939	408.000
20067.939	420.000
20075.939	413.000
20083.939	382.000
20091.939	407.000
20099.940	439.000
20107.940	414.000
20115.940	431.000
20123.940	412.000
20131.940	422.000
20139.940	424.000
20147.941	403.000
20155.941	389.000
20163.941	405.000
20171.941	437.000
20179.941	417.000
20187.941	416.000
20195.942	421.000
20203.942	406.000
20211.942	396.000
20219.942	392.000
20227.942	410.000
20235.942	395.000
20243.943	369.000
20251.943	382.000
20259.943	382.000
20267.943	445.000
20275.943	374.000
20283.943	366.000
20291.944	388.000
20299.944	404.000
20307.944	356.000
20315.944	386.000
20323.944	392.000
20331.944	394.000
20339.945	363.000
20347.945	387.000
20355.945	363.000
20363.945	364.000
20371.945	345.000
20379.945	339.000
20387.946	342.000
20395.946	335.000
20403.946	337.000
20411.946	307.000
20419.946	340.000
20427.946	323.000
20435.947	306.000
20443.947	301.000
20451.947	305.000
20459.947	366.000
20467.947	266.000
20475.947	320.000
20483.948	345.000
20491.948	305.000
20499.948	304.000
20507.948	277.000
20515.948	297.000
20523.948	298.000
20531.949	292.000
20539.949	302.000
20547.949	277.000
20555.949	279.000
20563.949	300.000
20571.949	296.000
20579.950	302.000
20587.950	270.000
20595.950	280.000
20603.950	292.000
20611.950	287.000
20619.950	274.000
20627.951	304.000
20635.951	330.000
20643.951	324.000
20651.951	279.000
20659.951	300.000
20667.951	307.000
20675.952	285.000
20683.952	272.000
20691.952	287.000
20699.952	301.000
20707.952	328.000
20715.952	318.000
20723.953	346.000
20731.953	309.000
20739.953	332.000
20747.953	338.000
20755.953	314.000
20763.953	355.000
20771.954	349.000
20779.954	360.000
20787.954	363.000
20795.954	364.000
20803.954	308.000
20811.954	351.000
20819.955	352.000
20827.955	362.000
20835.955	336.000
20843.955	390.000
20851.955	355.000
20859.955	411.000
20867.956	385.000
20875.956	423.000
20883.956	399.000
20891.956	388.000
20899.956	427.000
20907.956	369.000
20915.957	440.000
20923.957	402.000
20931.957	356.000
20939.957	395.000
20947.957	428.000
20955.957	416.000
20963.958	453.000
20971.958	425.000
20979.958	454.000
20987.958	402.000
20995.958	427.000
21003.958	447.000
21011.959	394.000
21019.959	440.000
21027.959	430.000
21035.959	414.000
21043.959	455.000
21051.959	401.000
21059.960	412.000
21067.960	453.000
21075.960	393.000
21083.960	398.000
21091.960	388.000
21099.960	414.000
21107.961	406.000
21115.961	409.000
21123.961	447.000
21131.961	369.000
21139.961	385.000
21147.961	400.000
21155.962	374.000
21163.962	351.000
21171.962	362.000
21179.962	382.000
21187.962	364.000
21195.962	359.000
21203.963	353.000
21211.963	372.000
21219.963	349.000
21227.963	330.000
21235.963	340.000
21243.963	348.000
21251.964	350.000
21259.964	327.000
21267.964	338.000
21275.964	360.000
21283.964	318.000
21291.964	341.000
21299.965	336.000
21307.965	329.000
21315.965	322.000
21323.965	305.000
21331.965	271.000
21339.965	313.000
21347.966	308.000
21355.966	327.000
21363.966	280.000
21371.966	321.000
21379.966	302.000
21387.966	310.000
21395.967	323.000
21403.967	285.000
21411.967	297.000
21419.967	267.000
21427.967	270.000
21435.967	295.000
21443.968	288.000
21451.968	288.000
21459.968	274.000
21467.968	276.000
21475.968	272.000
21483.968	354.000
21491.969	335.000
21499.969	271.000
21507.969	300.000
21515.969	324.000
21523.969	325.000
21531.969	321.000
21539.970	325.000
21547.970	302.000
21555.970	305.000
21563.970	321.000
21571.970	355.000
21579.970	328.000
21587.971	347.000
21595.971	328.000
21603.971	326.000
21611.971	334.000
21619.971	367.000
21627.971	342.000
21635.972	339.000
21643.972	341.000
21651.972	319.000
21659.972	372.000
21667.972	394.000
21675.972	404.000
21683.973	418.000
21691.973	368.000
21699.973	362.000
21707.973	430.000
21715.973	401.000
21723.973	403.000
21731.974	409.000
21739.974	415.000
21747.974	373.000
21755.974	406.000
21763.974	415.000
21771.974	458.000
21779.975	410.000
21787.975	443.000
21795.975	436.000
21803.975	415.000
21811.975	436.000
21819.975	450.000
21827.976	393.000
21835.976	423.000
21843.976	438.000
21851.976	449.000
21859.976	443.000
21867.976	427.000
21875.977	402.000
21883.977	402.000
21891.977	421.000
21899.977	425.000
21907.977	435.000
21915.977	402.000
21923.978	371.000
21931.978	396.000
21939.978	422.000
21947.978	389.000
21955.978	421.000
21963.978	388.000
21971.979	382.000
21979.979	413.000
21987.979	376.000
21995.979	360.000
22003.979	402.000
22011.979	378.000
22019.980	391.000
22027.980	389.000
22035.980	355.000
22043.980	369.000
22051.980	328.000
22059.980	338.000
22067.981	312.000
22075.981	318.000
22083.981	343.000
22091.981	338.000
22099.981	344.000
22107.981	318.000
22115.982	317.000
22123.982	331.000
22131.982	325.000
22139.982	298.000
22147.982	279.000
22155.982	269.000
22163.983	290.000
22171.983	310.000
22179.983	325.000
22187.983	300.000
22195.983	318.000
22203.983	302.000
22211.984	299.000
22219.984	305.000
22227.984	301.000
22235.984	310.000
22243.984	290.000
22251.984	287.000
22259.985	291.000
22267.985	262.000
22275.985	286.000
22283.985	289.000
22291.985	281.000
22299.985	310.000
22307.986	293.000
22315.986	286.000
22323.986	289.000
22331.986	324.000
22339.986	301.000
22347.986	275.000
22355.987	329.000
22363.987	319.000
22371.987	293.000
22379.987	325.000
22387.987	327.000
22395.987	322.000
22403.988	325.000
22411.988	303.000
22419.988	340.000
22427.988	342.000
22435.988	337.000
22443.988	329.000
22451.989	356.000
22459.989	344.000
22467.989	332.000
22475.989	342.000
22483.989	349.000
22491.989	381.000
22499.990	388.000
22507.990	359.000
22515.990	385.000
22523.990	407.000
22531.990	375.000
22539.990	399.000
22547.991	389.000
22555.991	365.000
22563.991	384.000
22571.991	395.000
22579.991	386.000
22587.991	448.000
22595.992	414.000
22603.992	422.000
22611.992	352.000
22619.992	403.000
22627.992	408.000
22635.992	413.000
22643.993	424.000
22651.993	402.000
22659.993	416.000
22667.993	412.000
22675.993	457.000
22683.993	405.000
22691.994	415.000
22699.994	419.000
22707.994	423.000
22715.994	394.000
22723.994	375.000
22731.994	422.000
22739.995	389.000
22747.995	386.000
22755.995	397.000
22763.995	404.000
22771.995	387.000
22779.995	432.000
22787.996	387.000
22795.996	395.000
22803.996	410.000
22811.996	357.000
22819.996	408.000
22827.996	385.000
22835.997	364.000
22843.997	365.000
22851.997	348.000
22859.997	382.000
22867.997	327.000
22875.997	360.000
22883.998	379.000
22891.998	331.000
22899.998	369.000
22907.998	376.000
22915.998	341.000
22923.998	311.000
22931.999	349.000
22939.999	320.000
22947.999	332.000
22955.999	348.000
22963.999	307.000
22971.999	338.000
22980.000	274.000
22988.000	314.000
22996.000	299.000
