-996.500	0.000
-988.500	0.000
-980.500	0.000
-972.499	0.000
-964.499	1.000
-956.499	0.000
-948.499	0.000
-940.499	0.000
-932.499	0.000
-924.498	0.000
-916.498	0.000
-908.498	0.000
-900.498	0.000
-892.498	1.000
-884.498	0.000
-876.497	0.000
-868.497	0.000
-860.497	1.000
-852.497	1.000
-844.497	0.000
-836.497	0.000
-828.496	0.000
-820.496	1.000
-812.496	0.000
-804.496	1.000
-796.496	1.000
-788.496	2.000
-780.495	1.000
-772.495	3.000
-764.495	3.000
-756.495	3.000
-748.495	0.000
-740.495	6.000
-732.494	1.000
-724.494	3.000
-716.494	3.000
-708.494	9.000
-700.494	5.000
-692.494	6.000
-684.493	9.000
-676.493	11.000
-668.493	5.000
-660.493	7.000
-652.493	12.000
-644.493	9.000
-636.492	13.000
-628.492	13.000
-620.492	16.000
-612.492	18.000
-604.492	24.000
-596.492	14.000
-588.491	25.000
-580.491	26.000
-572.491	35.000
-564.491	33.000
-556.491	32.000
-548.491	49.000
-540.490	38.000
-532.490	36.000
-524.490	53.000
-516.490	78.000
-508.490	66.000
-500.490	63.000
-492.489	76.000
-484.489	95.000
-476.489	79.000
-468.489	108.000
-460.489	93.000
-452.489	123.000
-444.488	127.000
-436.488	139.000
-428.488	161.000
-420.488	162.000
-412.488	179.000
-404.488	197.000
-396.487	206.000
-388.487	226.000
-380.487	258.000
-372.487	279.000
-364.487	307.000
-356.487	328.000
-348.486	355.000
-340.486	418.000
-332.486	453.000
-324.486	425.000
-316.486	501.000
-308.486	512.000
-300.485	573.000
-292.485	615.000
-284.485	695.000
-276.485	684.000
-268.485	783.000
-260.485	856.000
-252.484	795.000
-244.484	928.000
-236.484	955.000
-228.484	1073.000
-220.484	1141.000
-212.484	1154.000
-204.483	1250.000
-196.483	1221.000
-188.483	1369.000
-180.483	1402.000
-172.483	1394.000
-164.483	1501.000
-156.482	1581.000
-148.482	1677.000
-140.482	1671.000
-132.482	1778.000
-124.482	1792.000
-116.482	1801.000
-108.481	1844.000
-100.481	1912.000
-92.481	1844.000
-84.481	1912.000
-76.481	1959.000
-68.481	1985.000
-60.480	2049.000
-52.480	2063.000
-44.480	2028.000
-36.480	2026.000
-28.480	1993.000
-20.480	1980.000
-12.479	2030.000
-4.479	1892.000
3.521	1945.000
11.521	1877.000
19.521	1962.000
27.521	1789.000
35.522	1834.000
43.522	1859.000
51.522	1671.000
59.522	1654.000
67.522	1640.000
75.522	1612.000
83.523	1664.000
91.523	1538.000
99.523	1543.000
107.523	1446.000
115.523	1399.000
123.523	1417.000
131.524	1361.000
139.524	1309.000
147.524	1301.000
155.524	1212.000
163.524	1209.000
171.524	1191.000
179.525	1147.000
187.525	1121.000
195.525	1151.000
203.525	1090.000
211.525	1167.000
219.525	1156.000
227.526	1056.000
235.526	1088.000
243.526	1048.000
251.526	1133.000
259.526	1176.000
267.526	1173.000
275.527	1161.000
283.527	1153.000
291.527	1160.000
299.527	1215.000
307.527	1191.000
315.527	1237.000
323.528	1236.000
331.528	1282.000
339.528	1294.000
347.528	1350.000
355.528	1392.000
363.528	1401.000
371.529	1446.000
379.529	1485.000
387.529	1495.000
395.529	1573.000
403.529	1609.000
411.529	1616.000
419.530	1711.000
427.530	1754.000
435.530	1728.000
443.530	1801.000
451.530	1901.000
459.530	1882.000
467.531	1949.000
475.531	1986.000
483.531	2055.000
491.531	1995.000
499.531	2062.000
507.531	2070.000
515.532	2090.000
523.532	2212.000
531.532	2160.000
539.532	2226.000
547.532	2162.000
555.532	2221.000
563.533	2189.000
571.533	2115.000
579.533	2170.000
587.533	2129.000
595.533	2125.000
603.533	2136.000
611.534	2123.000
619.534	2115.000
627.534	2083.000
635.534	2015.000
643.534	2066.000
651.534	1906.000
659.535	1917.000
667.535	1806.000
675.535	1812.000
683.535	1844.000
691.535	1707.000
699.535	1719.000
707.536	1651.000
715.536	1655.000
723.536	1647.000
731.536	1591.000
739.536	1553.000
747.536	1482.000
755.537	1472.000
763.537	1336.000
771.537	1321.000
779.537	1256.000
787.537	1278.000
795.537	1225.000
803.538	1229.000
811.538	1244.000
819.538	1228.000
827.538	1203.000
835.538	1180.000
843.538	1159.000
851.539	1136.000
859.539	1150.000
867.539	1157.000
875.539	1071.000
883.539	1083.000
891.539	1083.000
899.540	1069.000
907.540	1118.000
915.540	1082.000
923.540	1140.000
931.540	1068.000
939.540	1190.000
947.541	1129.000
955.541	1199.000
963.541	1244.000
971.541	1216.000
979.541	1203.000
987.541	1245.000
995.542	1229.000
1003.542	1287.000
1011.542	1331.000
1019.542	1317.000
1027.542	1381.000
1035.542	1454.000
1043.543	1440.000
1051.543	1384.000
1059.543	1486.000
1067.543	1455.000
1075.543	1537.000
1083.543	1532.000
1091.544	1510.000
1099.544	1539.000
1107.544	1542.000
1115.544	1589.000
1123.544	1653.000
1131.544	1645.000
1139.545	1638.000
1147.545	1613.000
1155.545	1778.000
1163.545	1655.000
1171.545	1648.000
1179.545	1759.000
1187.546	1732.000
1195.546	1729.000
1203.546	1736.000
1211.546	1663.000
1219.546	1792.000
1227.546	1742.000
1235.547	1705.000
1243.547	1648.000
1251.547	1706.000
1259.547	1630.000
1267.547	1588.000
1275.547	1642.000
1283.548	1567.000
1291.548	1573.000
1299.548	1434.000
1307.548	1500.000
1315.548	1429.000
1323.548	1385.000
1331.549	1346.000
1339.549	1367.000
1347.549	1350.000
1355.549	1214.000
1363.549	1286.000
1371.549	1232.000
1379.550	1181.000
1387.550	1176.000
1395.550	1165.000
1403.550	1106.000
1411.550	1089.000
1419.550	1043.000
1427.551	1044.000
1435.551	987.000
1443.551	990.000
1451.551	953.000
1459.551	940.000
1467.551	918.000
1475.552	972.000
1483.552	908.000
1491.552	866.000
1499.552	953.000
1507.552	829.000
1515.552	884.000
1523.553	896.000
1531.553	886.000
1539.553	879.000
1547.553	862.000
1555.553	878.000
1563.553	835.000
1571.554	857.000
1579.554	947.000
1587.554	921.000
1595.554	901.000
1603.554	917.000
1611.554	947.000
1619.555	970.000
1627.555	965.000
1635.555	911.000
1643.555	991.000
1651.555	982.000
1659.555	1003.000
1667.556	1029.000
1675.556	1141.000
1683.556	1116.000
1691.556	1080.000
1699.556	1056.000
1707.556	1214.000
1715.557	1144.000
1723.557	1114.000
1731.557	1145.000
1739.557	1290.000
1747.557	1256.000
1755.557	1262.000
1763.558	1269.000
1771.558	1307.000
1779.558	1287.000
1787.558	1301.000
1795.558	1298.000
1803.558	1402.000
1811.559	1340.000
1819.559	1373.000
1827.559	1364.000
1835.559	1309.000
1843.559	1328.000
1851.559	1306.000
1859.560	1327.000
1867.560	1306.000
1875.560	1277.000
1883.560	1317.000
1891.560	1324.000
1899.560	1287.000
1907.561	1246.000
1915.561	1245.000
1923.561	1244.000
1931.561	1210.000
1939.561	1190.000
1947.561	1184.000
1955.562	1185.000
1963.562	1079.000
1971.562	1076.000
1979.562	1060.000
1987.562	1036.000
1995.562	1047.000
2003.563	960.000
2011.563	1004.000
2019.563	940.000
2027.563	974.000
2035.563	921.000
2043.563	936.000
2051.564	900.000
2059.564	863.000
2067.564	921.000
2075.564	870.000
2083.564	810.000
2091.564	797.000
2099.565	776.000
2107.565	768.000
2115.565	792.000
2123.565	787.000
2131.565	755.000
2139.565	752.000
2147.566	720.000
2155.566	716.000
2163.566	727.000
2171.566	752.000
2179.566	731.000
2187.566	718.000
2195.567	747.000
2203.567	717.000
2211.567	745.000
2219.567	757.000
2227.567	753.000
2235.567	770.000
2243.568	741.000
2251.568	756.000
2259.568	734.000
2267.568	768.000
2275.568	799.000
2283.568	818.000
2291.569	836.000
2299.569	817.000
2307.569	830.000
2315.569	898.000
2323.569	897.000
2331.569	902.000
2339.570	945.000
2347.570	915.000
2355.570	977.000
2363.570	982.000
2371.570	1008.000
2379.570	988.000
2387.571	988.000
2395.571	1017.000
2403.571	1031.000
2411.571	1086.000
2419.571	1077.000
2427.571	1069.000
2435.572	1077.000
2443.572	1094.000
2451.572	1185.000
2459.572	1173.000
2467.572	1095.000
2475.572	1164.000
2483.573	1124.000
2491.573	1088.000
2499.573	1112.000
2507.573	1133.000
2515.573	1098.000
2523.573	1177.000
2531.574	1142.000
2539.574	1082.000
2547.574	1069.000
2555.574	1078.000
2563.574	1115.000
2571.574	1027.000
2579.575	1068.000
2587.575	1032.000
2595.575	1001.000
2603.575	1054.000
2611.575	974.000
2619.575	987.000
2627.576	1013.000
2635.576	869.000
2643.576	956.000
2651.576	877.000
2659.576	864.000
2667.576	849.000
2675.577	777.000
2683.577	797.000
2691.577	788.000
2699.577	772.000
2707.577	713.000
2715.577	744.000
2723.578	691.000
2731.578	735.000
2739.578	642.000
2747.578	673.000
2755.578	702.000
2763.578	655.000
2771.579	656.000
2779.579	697.000
2787.579	640.000
2795.579	624.000
2803.579	661.000
2811.579	598.000
2819.580	659.000
2827.580	655.000
2835.580	669.000
2843.580	662.000
2851.580	640.000
2859.580	681.000
2867.581	651.000
2875.581	640.000
2883.581	681.000
2891.581	694.000
2899.581	726.000
2907.581	706.000
2915.582	690.000
2923.582	705.000
2931.582	753.000
2939.582	723.000
2947.582	761.000
2955.582	793.000
2963.583	762.000
2971.583	728.000
2979.583	786.000
2987.583	854.000
2995.583	862.000
3003.583	954.000
3011.584	859.000
3019.584	912.000
3027.584	917.000
3035.584	916.000
3043.584	956.000
3051.584	977.000
3059.585	979.000
3067.585	1016.000
3075.585	1026.000
3083.585	1018.000
3091.585	993.000
3099.585	1033.000
3107.586	1005.000
3115.586	1038.000
3123.586	1084.000
3131.586	1026.000
3139.586	1094.000
3147.586	1045.000
3155.587	1083.000
3163.587	1027.000
3171.587	1082.000
3179.587	1056.000
3187.587	1065.000
3195.587	999.000
3203.588	1049.000
3211.588	1007.000
3219.588	944.000
3227.588	1034.000
3235.588	977.000
3243.588	917.000
3251.589	906.000
3259.589	988.000
3267.589	910.000
3275.589	879.000
3283.589	845.000
3291.589	908.000
3299.590	841.000
3307.590	777.000
3315.590	858.000
3323.590	761.000
3331.590	771.000
3339.590	753.000
3347.591	748.000
3355.591	734.000
3363.591	722.000
3371.591	731.000
3379.591	699.000
3387.591	674.000
3395.592	653.000
3403.592	667.000
3411.592	700.000
3419.592	671.000
3427.592	635.000
3435.592	669.000
3443.593	651.000
3451.593	651.000
3459.593	618.000
3467.593	575.000
3475.593	589.000
3483.593	616.000
3491.594	582.000
3499.594	582.000
3507.594	666.000
3515.594	659.000
3523.594	679.000
3531.594	647.000
3539.595	618.000
3547.595	670.000
3555.595	655.000
3563.595	698.000
3571.595	670.000
3579.595	683.000
3587.596	727.000
3595.596	759.000
3603.596	700.000
3611.596	734.000
3619.596	776.000
3627.596	763.000
3635.597	798.000
3643.597	849.000
3651.597	891.000
3659.597	855.000
3667.597	843.000
3675.597	873.000
3683.598	937.000
3691.598	946.000
3699.598	1003.000
3707.598	929.000
3715.598	991.000
3723.598	936.000
3731.599	980.000
3739.599	1004.000
3747.599	1052.000
3755.599	1041.000
3763.599	934.000
3771.599	984.000
3779.600	1039.000
3787.600	1074.000
3795.600	1061.000
3803.600	1022.000
3811.600	1044.000
3819.600	1096.000
3827.601	1096.000
3835.601	1068.000
3843.601	1029.000
3851.601	1008.000
3859.601	1038.000
3867.601	974.000
3875.602	1079.000
3883.602	1020.000
3891.602	981.000
3899.602	966.000
3907.602	894.000
3915.602	894.000
3923.603	949.000
3931.603	912.000
3939.603	903.000
3947.603	841.000
3955.603	844.000
3963.603	821.000
3971.604	810.000
3979.604	795.000
3987.604	755.000
3995.604	755.000
4003.604	760.000
4011.604	739.000
4019.605	675.000
4027.605	753.000
4035.605	748.000
4043.605	656.000
4051.605	683.000
4059.605	674.000
4067.606	641.000
4075.606	671.000
4083.606	634.000
4091.606	660.000
4099.606	673.000
4107.606	614.000
4115.607	655.000
4123.607	638.000
4131.607	636.000
4139.607	597.000
4147.607	622.000
4155.607	645.000
4163.608	649.000
4171.608	639.000
4179.608	672.000
4187.608	655.000
4195.608	666.000
4203.608	681.000
4211.609	699.000
4219.609	668.000
4227.609	701.000
4235.609	755.000
4243.609	741.000
4251.609	738.000
4259.610	754.000
4267.610	801.000
4275.610	832.000
4283.610	789.000
4291.610	821.000
4299.610	798.000
4307.611	840.000
4315.611	855.000
4323.611	876.000
4331.611	956.000
4339.611	885.000
4347.611	956.000
4355.612	962.000
4363.612	964.000
4371.612	994.000
4379.612	982.000
4387.612	952.000
4395.612	1031.000
4403.613	1047.000
4411.613	1004.000
4419.613	1075.000
4427.613	1044.000
4435.613	1079.000
4443.613	1060.000
4451.614	1134.000
4459.614	1066.000
4467.614	1054.000
4475.614	1127.000
4483.614	1058.000
4491.614	1083.000
4499.615	1041.000
4507.615	1067.000
4515.615	1043.000
4523.615	1032.000
4531.615	1045.000
4539.615	990.000
4547.616	999.000
4555.616	947.000
4563.616	999.000
4571.616	945.000
4579.616	972.000
4587.616	958.000
4595.617	877.000
4603.617	893.000
4611.617	867.000
4619.617	825.000
4627.617	795.000
4635.617	833.000
4643.618	810.000
4651.618	780.000
4659.618	785.000
4667.618	760.000
4675.618	746.000
4683.618	763.000
4691.619	733.000
4699.619	757.000
4707.619	690.000
4715.619	679.000
4723.619	681.000
4731.619	665.000
4739.620	694.000
4747.620	645.000
4755.620	669.000
4763.620	652.000
4771.620	655.000
4779.620	617.000
4787.621	663.000
4795.621	640.000
4803.621	642.000
4811.621	673.000
4819.621	702.000
4827.621	668.000
4835.622	655.000
4843.622	716.000
4851.622	667.000
4859.622	666.000
4867.622	721.000
4875.622	704.000
4883.623	737.000
4891.623	730.000
4899.623	773.000
4907.623	831.000
4915.623	788.000
4923.623	807.000
4931.624	821.000
4939.624	780.000
4947.624	873.000
4955.624	814.000
4963.624	903.000
4971.624	908.000
4979.625	903.000
4987.625	1003.000
4995.625	972.000
5003.625	986.000
5011.625	948.000
5019.625	1038.000
5027.626	979.000
5035.626	1086.000
5043.626	1022.000
5051.626	1031.000
5059.626	1051.000
5067.626	1088.000
5075.627	1145.000
5083.627	1047.000
5091.627	1098.000
5099.627	1131.000
5107.627	1120.000
5115.627	1106.000
5123.628	1138.000
5131.628	1116.000
5139.628	1087.000
5147.628	1146.000
5155.628	1079.000
5163.628	1124.000
5171.629	993.000
5179.629	1063.000
5187.629	1115.000
5195.629	1034.000
5203.629	1027.000
5211.629	1032.000
5219.630	1043.000
5227.630	977.000
5235.630	954.000
5243.630	1000.000
5251.630	954.000
5259.630	884.000
5267.631	916.000
5275.631	924.000
5283.631	897.000
5291.631	886.000
5299.631	863.000
5307.631	815.000
5315.632	864.000
5323.632	823.000
5331.632	820.000
5339.632	750.000
5347.632	777.000
5355.632	731.000
5363.633	752.000
5371.633	791.000
5379.633	722.000
5387.633	686.000
5395.633	681.000
5403.633	697.000
5411.634	694.000
5419.634	670.000
5427.634	694.000
5435.634	655.000
5443.634	674.000
5451.634	671.000
5459.635	706.000
5467.635	697.000
5475.635	717.000
5483.635	700.000
5491.635	722.000
5499.635	694.000
5507.636	734.000
5515.636	704.000
5523.636	775.000
5531.636	794.000
5539.636	796.000
5547.636	792.000
5555.637	780.000
5563.637	819.000
5571.637	778.000
5579.637	832.000
5587.637	855.000
5595.637	877.000
5603.638	918.000
5611.638	917.000
5619.638	926.000
5627.638	939.000
5635.638	924.000
5643.638	944.000
5651.639	1022.000
5659.639	973.000
5667.639	1040.000
5675.639	1089.000
5683.639	1081.000
5691.639	1133.000
5699.640	1091.000
5707.640	1100.000
5715.640	1127.000
5723.640	1135.000
5731.640	1167.000
5739.640	1119.000
5747.641	1091.000
5755.641	1137.000
5763.641	1142.000
5771.641	1178.000
5779.641	1194.000
5787.641	1163.000
5795.642	1142.000
5803.642	1120.000
5811.642	1151.000
5819.642	1167.000
5827.642	1206.000
5835.642	1071.000
5843.643	1065.000
5851.643	1140.000
5859.643	1070.000
5867.643	1109.000
5875.643	1085.000
5883.643	1062.000
5891.644	979.000
5899.644	1014.000
5907.644	1009.000
5915.644	1034.000
5923.644	944.000
5931.644	980.000
5939.645	943.000
5947.645	955.000
5955.645	886.000
5963.645	924.000
5971.645	892.000
5979.645	910.000
5987.646	837.000
5995.646	771.000
6003.646	800.000
6011.646	820.000
6019.646	753.000
6027.646	809.000
6035.647	757.000
6043.647	751.000
6051.647	710.000
6059.647	746.000
6067.647	750.000
6075.647	701.000
6083.648	777.000
6091.648	721.000
6099.648	778.000
6107.648	739.000
6115.648	733.000
6123.648	793.000
6131.649	750.000
6139.649	746.000
6147.649	731.000
6155.649	755.000
6163.649	772.000
6171.649	760.000
6179.650	802.000
6187.650	810.000
6195.650	782.000
6203.650	788.000
6211.650	879.000
6219.650	840.000
6227.651	875.000
6235.651	865.000
6243.651	830.000
6251.651	938.000
6259.651	934.000
6267.651	968.000
6275.652	952.000
6283.652	1022.000
6291.652	967.000
6299.652	1010.000
6307.652	1092.000
6315.652	1084.000
6323.653	1120.000
6331.653	1072.000
6339.653	1128.000
6347.653	1161.000
6355.653	1133.000
6363.653	1120.000
6371.654	1178.000
6379.654	1209.000
6387.654	1202.000
6395.654	1195.000
6403.654	1223.000
6411.654	1181.000
6419.655	1240.000
6427.655	1254.000
6435.655	1180.000
6443.655	1200.000
6451.655	1235.000
6459.655	1213.000
6467.656	1168.000
6475.656	1228.000
6483.656	1194.000
6491.656	1209.000
6499.656	1138.000
6507.656	1167.000
6515.657	1148.000
6523.657	1123.000
6531.657	1167.000
6539.657	1071.000
6547.657	1050.000
6555.657	1083.000
6563.658	1132.000
6571.658	1004.000
6579.658	1031.000
6587.658	962.000
6595.658	970.000
6603.658	1001.000
6611.659	966.000
6619.659	964.000
6627.659	944.000
6635.659	874.000
6643.659	883.000
6651.659	883.000
6659.660	886.000
6667.660	861.000
6675.660	815.000
6683.660	837.000
6691.660	788.000
6699.660	864.000
6707.661	787.000
6715.661	785.000
6723.661	764.000
6731.661	793.000
6739.661	754.000
6747.661	769.000
6755.662	735.000
6763.662	800.000
6771.662	783.000
6779.662	784.000
6787.662	830.000
6795.662	837.000
6803.663	761.000
6811.663	868.000
6819.663	760.000
6827.663	833.000
6835.663	747.000
6843.663	822.000
6851.664	851.000
6859.664	874.000
6867.664	860.000
6875.664	864.000
6883.664	863.000
6891.664	897.000
6899.665	937.000
6907.665	919.000
6915.665	946.000
6923.665	989.000
6931.665	1031.000
6939.665	995.000
6947.666	979.000
6955.666	1078.000
6963.666	1042.000
6971.666	1111.000
6979.666	1143.000
6987.666	1136.000
6995.667	1196.000
7003.667	1152.000
7011.667	1221.000
7019.667	1169.000
7027.667	1226.000
7035.667	1215.000
7043.668	1181.000
7051.668	1228.000
7059.668	1289.000
7067.668	1278.000
7075.668	1221.000
7083.668	1318.000
7091.669	1269.000
7099.669	1263.000
7107.669	1225.000
7115.669	1294.000
7123.669	1209.000
7131.669	1261.000
7139.670	1249.000
7147.670	1247.000
7155.670	1263.000
7163.670	1214.000
7171.670	1227.000
7179.670	1153.000
7187.671	1200.000
7195.671	1156.000
7203.671	1122.000
7211.671	1093.000
7219.671	1130.000
7227.671	1134.000
7235.672	1053.000
7243.672	1008.000
7251.672	1038.000
7259.672	1038.000
7267.672	996.000
7275.672	980.000
7283.673	983.000
7291.673	864.000
7299.673	954.000
7307.673	880.000
7315.673	885.000
7323.673	889.000
7331.674	896.000
7339.674	860.000
7347.674	873.000
7355.674	812.000
7363.674	819.000
7371.674	805.000
7379.675	766.000
7387.675	733.000
7395.675	758.000
7403.675	805.000
7411.675	765.000
7419.675	742.000
7427.676	794.000
7435.676	832.000
7443.676	822.000
7451.676	775.000
7459.676	817.000
7467.676	809.000
7475.677	800.000
7483.677	784.000
7491.677	825.000
7499.677	832.000
7507.677	850.000
7515.677	862.000
7523.678	884.000
7531.678	897.000
7539.678	892.000
7547.678	905.000
7555.678	941.000
7563.678	937.000
7571.679	985.000
7579.679	1014.000
7587.679	1006.000
7595.679	1083.000
7603.679	1055.000
7611.679	1076.000
7619.680	1109.000
7627.680	1134.000
7635.680	1129.000
7643.680	1103.000
7651.680	1155.000
7659.680	1256.000
7667.681	1180.000
7675.681	1192.000
7683.681	1192.000
7691.681	1248.000
7699.681	1352.000
7707.681	1191.000
7715.682	1281.000
7723.682	1290.000
7731.682	1276.000
7739.682	1258.000
7747.682	1270.000
7755.682	1322.000
7763.683	1209.000
7771.683	1239.000
7779.683	1207.000
7787.683	1270.000
7795.683	1259.000
7803.683	1241.000
7811.684	1241.000
7819.684	1260.000
7827.684	1250.000
7835.684	1228.000
7843.684	1177.000
7851.684	1161.000
7859.685	1133.000
7867.685	1154.000
7875.685	1132.000
7883.685	1127.000
7891.685	1128.000
7899.685	1171.000
7907.686	1120.000
7915.686	1065.000
7923.686	1045.000
7931.686	1081.000
7939.686	1007.000
7947.686	907.000
7955.687	954.000
7963.687	977.000
7971.687	941.000
7979.687	930.000
7987.687	877.000
7995.687	837.000
8003.688	840.000
8011.688	844.000
8019.688	851.000
8027.688	829.000
8035.688	820.000
8043.688	788.000
8051.689	769.000
8059.689	825.000
8067.689	803.000
8075.689	796.000
8083.689	790.000
8091.689	820.000
8099.690	781.000
8107.690	785.000
8115.690	830.000
8123.690	807.000
8131.690	850.000
8139.690	784.000
8147.691	805.000
8155.691	810.000
8163.691	824.000
8171.691	871.000
8179.691	873.000
8187.691	891.000
8195.692	831.000
8203.692	825.000
8211.692	934.000
8219.692	887.000
8227.692	951.000
8235.692	930.000
8243.693	964.000
8251.693	959.000
8259.693	957.000
8267.693	1006.000
8275.693	1035.000
8283.693	1063.000
8291.694	1074.000
8299.694	1088.000
8307.694	1059.000
8315.694	1087.000
8323.694	1130.000
8331.694	1132.000
8339.695	1156.000
8347.695	1169.000
8355.695	1213.000
8363.695	1185.000
8371.695	1159.000
8379.695	1183.000
8387.696	1230.000
8395.696	1215.000
8403.696	1268.000
8411.696	1235.000
8419.696	1180.000
8427.696	1263.000
8435.697	1255.000
8443.697	1226.000
8451.697	1197.000
8459.697	1236.000
8467.697	1230.000
8475.697	1250.000
8483.698	1225.000
8491.698	1274.000
8499.698	1220.000
8507.698	1102.000
8515.698	1086.000
8523.698	1150.000
8531.699	1070.000
8539.699	1101.000
8547.699	1189.000
8555.699	1161.000
8563.699	1063.000
8571.699	1080.000
8579.700	947.000
8587.700	990.000
8595.700	969.000
8603.700	1004.000
8611.700	944.000
8619.700	995.000
8627.701	920.000
8635.701	898.000
8643.701	867.000
8651.701	921.000
8659.701	790.000
8667.701	859.000
8675.702	830.000
8683.702	826.000
8691.702	824.000
8699.702	814.000
8707.702	789.000
8715.702	787.000
8723.703	759.000
8731.703	749.000
8739.703	776.000
8747.703	746.000
8755.703	833.000
8763.703	807.000
8771.704	725.000
8779.704	733.000
8787.704	778.000
8795.704	801.000
8803.704	810.000
8811.704	782.000
8819.705	795.000
8827.705	839.000
8835.705	792.000
8843.705	817.000
8851.705	804.000
8859.705	827.000
8867.706	801.000
8875.706	827.000
8883.706	799.000
8891.706	863.000
8899.706	896.000
8907.706	941.000
8915.707	902.000
8923.707	923.000
8931.707	984.000
8939.707	1015.000
8947.707	1017.000
8955.707	1081.000
8963.708	1034.000
8971.708	1111.000
8979.708	1020.000
8987.708	1046.000
8995.708	1101.000
9003.708	1091.000
9011.709	1164.000
9019.709	1070.000
9027.709	1143.000
9035.709	1131.000
9043.709	1094.000
9051.709	1159.000
9059.710	1186.000
9067.710	1186.000
9075.710	1127.000
9083.710	1143.000
9091.710	1198.000
9099.710	1201.000
9107.711	1188.000
9115.711	1167.000
9123.711	1195.000
9131.711	1144.000
9139.711	1112.000
9147.711	1106.000
9155.712	1088.000
9163.712	1138.000
9171.712	1118.000
9179.712	1070.000
9187.712	1091.000
9195.712	978.000
9203.713	1036.000
9211.713	1060.000
9219.713	1009.000
9227.713	988.000
9235.713	945.000
9243.713	1022.000
9251.714	974.000
9259.714	970.000
9267.714	900.000
9275.714	902.000
9283.714	967.000
9291.714	899.000
9299.715	885.000
9307.715	840.000
9315.715	836.000
9323.715	774.000
9331.715	750.000
9339.715	804.000
9347.716	757.000
9355.716	745.000
9363.716	770.000
9371.716	714.000
9379.716	800.000
9387.716	716.000
9395.717	735.000
9403.717	722.000
9411.717	707.000
9419.717	711.000
9427.717	619.000
9435.717	718.000
9443.718	691.000
9451.718	720.000
9459.718	672.000
9467.718	760.000
9475.718	720.000
9483.718	659.000
9491.719	708.000
9499.719	744.000
9507.719	759.000
9515.719	748.000
9523.719	758.000
9531.719	799.000
9539.720	775.000
9547.720	801.000
9555.720	796.000
9563.720	809.000
9571.720	781.000
9579.720	826.000
9587.721	837.000
9595.721	838.000
9603.721	857.000
9611.721	899.000
9619.721	875.000
9627.721	975.000
9635.722	901.000
9643.722	913.000
9651.722	926.000
9659.722	975.000
9667.722	983.000
9675.722	988.000
9683.723	971.000
9691.723	991.000
9699.723	1032.000
9707.723	1036.000
9715.723	1016.000
9723.723	997.000
9731.724	993.000
9739.724	1018.000
9747.724	1053.000
9755.724	1037.000
9763.724	1055.000
9771.724	1084.000
9779.725	1066.000
9787.725	1045.000
9795.725	1080.000
9803.725	984.000
9811.725	997.000
9819.725	1003.000
9827.726	1042.000
9835.726	955.000
9843.726	926.000
9851.726	955.000
9859.726	952.000
9867.726	935.000
9875.727	983.000
9883.727	954.000
9891.727	942.000
9899.727	937.000
9907.727	868.000
9915.727	851.000
9923.728	837.000
9931.728	826.000
9939.728	865.000
9947.728	827.000
9955.728	771.000
9963.728	825.000
9971.729	766.000
9979.729	765.000
9987.729	783.000
9995.729	688.000
10003.729	729.000
10011.729	741.000
10019.730	709.000
10027.730	690.000
10035.730	628.000
10043.730	665.000
10051.730	605.000
10059.730	657.000
10067.731	610.000
10075.731	613.000
10083.731	634.000
10091.731	646.000
10099.731	612.000
10107.731	668.000
10115.732	587.000
10123.732	649.000
10131.732	624.000
10139.732	609.000
10147.732	638.000
10155.732	666.000
10163.733	709.000
10171.733	650.000
10179.733	612.000
10187.733	667.000
10195.733	683.000
10203.733	682.000
10211.734	685.000
10219.734	700.000
10227.734	671.000
10235.734	711.000
10243.734	744.000
10251.734	736.000
10259.735	722.000
10267.735	735.000
10275.735	737.000
10283.735	786.000
10291.735	829.000
10299.735	722.000
10307.736	823.000
10315.736	792.000
10323.736	837.000
10331.736	788.000
10339.736	839.000
10347.736	820.000
10355.737	905.000
10363.737	901.000
10371.737	827.000
10379.737	917.000
10387.737	900.000
10395.737	866.000
10403.738	886.000
10411.738	916.000
10419.738	893.000
10427.738	941.000
10435.738	903.000
10443.738	898.000
10451.739	920.000
10459.739	870.000
10467.739	898.000
10475.739	884.000
10483.739	856.000
10491.739	876.000
10499.740	867.000
10507.740	802.000
10515.740	833.000
10523.740	823.000
10531.740	835.000
10539.740	777.000
10547.741	756.000
10555.741	815.000
10563.741	781.000
10571.741	744.000
10579.741	770.000
10587.741	726.000
10595.742	770.000
10603.742	753.000
10611.742	686.000
10619.742	719.000
10627.742	649.000
10635.742	682.000
10643.743	635.000
10651.743	653.000
10659.743	653.000
10667.743	615.000
10675.743	600.000
10683.743	606.000
10691.744	587.000
10699.744	641.000
10707.744	572.000
10715.744	540.000
10723.744	518.000
10731.744	547.000
10739.745	534.000
10747.745	562.000
10755.745	549.000
10763.745	499.000
10771.745	541.000
10779.745	571.000
10787.746	541.000
10795.746	572.000
10803.746	527.000
10811.746	543.000
10819.746	548.000
10827.746	541.000
10835.747	557.000
10843.747	550.000
10851.747	561.000
10859.747	592.000
10867.747	549.000
10875.747	587.000
10883.748	601.000
10891.748	587.000
10899.748	591.000
10907.748	593.000
10915.748	583.000
10923.748	622.000
10931.749	575.000
10939.749	600.000
10947.749	635.000
10955.749	626.000
10963.749	650.000
10971.749	663.000
10979.750	635.000
10987.750	657.000
10995.750	719.000
11003.750	683.000
11011.750	681.000
11019.750	666.000
11027.751	764.000
11035.751	744.000
11043.751	698.000
11051.751	728.000
11059.751	728.000
11067.751	717.000
11075.752	744.000
11083.752	722.000
11091.752	741.000
11099.752	703.000
11107.752	702.000
11115.752	752.000
11123.753	690.000
11131.753	729.000
11139.753	694.000
11147.753	716.000
11155.753	711.000
11163.753	708.000
11171.754	677.000
11179.754	669.000
11187.754	614.000
11195.754	661.000
11203.754	654.000
11211.754	652.000
11219.755	667.000
11227.755	580.000
11235.755	654.000
11243.755	611.000
11251.755	593.000
11259.755	574.000
11267.756	544.000
11275.756	549.000
11283.756	598.000
11291.756	541.000
11299.756	537.000
11307.756	530.000
11315.757	538.000
11323.757	517.000
11331.757	500.000
11339.757	491.000
11347.757	516.000
11355.757	485.000
11363.758	447.000
11371.758	469.000
11379.758	471.000
11387.758	451.000
11395.758	473.000
11403.758	483.000
11411.759	428.000
11419.759	439.000
11427.759	452.000
11435.759	454.000
11443.759	404.000
11451.759	398.000
11459.760	476.000
11467.760	417.000
11475.760	420.000
11483.760	450.000
11491.760	442.000
11499.760	478.000
11507.761	409.000
11515.761	427.000
11523.761	441.000
11531.761	467.000
11539.761	487.000
11547.761	426.000
11555.762	490.000
11563.762	497.000
11571.762	478.000
11579.762	534.000
11587.762	496.000
11595.762	473.000
11603.763	528.000
11611.763	506.000
11619.763	487.000
11627.763	516.000
11635.763	507.000
11643.763	515.000
11651.764	522.000
11659.764	536.000
11667.764	548.000
11675.764	584.000
11683.764	514.000
11691.764	552.000
11699.765	565.000
11707.765	579.000
11715.765	574.000
11723.765	577.000
11731.765	569.000
11739.765	595.000
11747.766	577.000
11755.766	566.000
11763.766	604.000
11771.766	536.000
11779.766	543.000
11787.766	583.000
11795.767	565.000
11803.767	566.000
11811.767	566.000
11819.767	596.000
11827.767	547.000
11835.767	544.000
11843.768	529.000
11851.768	508.000
11859.768	507.000
11867.768	514.000
11875.768	520.000
11883.768	511.000
11891.769	496.000
11899.769	541.000
11907.769	482.000
11915.769	474.000
11923.769	475.000
11931.769	414.000
11939.770	484.000
11947.770	441.000
11955.770	434.000
11963.770	396.000
11971.770	388.000
11979.770	378.000
11987.771	381.000
11995.771	385.000
12003.771	366.000
12011.771	383.000
12019.771	384.000
12027.771	379.000
12035.772	347.000
12043.772	368.000
12051.772	344.000
12059.772	322.000
12067.772	310.000
12075.772	368.000
12083.773	339.000
12091.773	324.000
12099.773	344.000
12107.773	357.000
12115.773	342.000
12123.773	344.000
12131.774	331.000
12139.774	331.000
12147.774	323.000
12155.774	314.000
12163.774	320.000
12171.774	334.000
12179.775	326.000
12187.775	321.000
12195.775	321.000
12203.775	317.000
12211.775	353.000
12219.775	323.000
12227.776	321.000
12235.776	345.000
12243.776	355.000
12251.776	360.000
12259.776	384.000
12267.776	341.000
12275.777	390.000
12283.777	387.000
12291.777	361.000
12299.777	364.000
12307.777	390.000
12315.777	387.000
12323.778	417.000
12331.778	398.000
12339.778	411.000
12347.778	381.000
12355.778	399.000
12363.778	382.000
12371.779	440.000
12379.779	434.000
12387.779	422.000
12395.779	408.000
12403.779	388.000
12411.779	405.000
12419.780	426.000
12427.780	422.000
12435.780	414.000
12443.780	379.000
12451.780	438.000
12459.780	423.000
12467.781	422.000
12475.781	406.000
12483.781	405.000
12491.781	426.000
12499.781	400.000
12507.781	385.000
12515.782	341.000
12523.782	367.000
12531.782	419.000
12539.782	372.000
12547.782	348.000
12555.782	365.000
12563.783	374.000
12571.783	348.000
12579.783	386.000
12587.783	338.000
12595.783	333.000
12603.783	303.000
12611.784	343.000
12619.784	300.000
12627.784	321.000
12635.784	310.000
12643.784	292.000
12651.784	284.000
12659.785	270.000
12667.785	263.000
12675.785	283.000
12683.785	259.000
12691.785	263.000
12699.785	263.000
12707.786	271.000
12715.786	263.000
12723.786	257.000
12731.786	251.000
12739.786	288.000
12747.786	243.000
12755.787	237.000
12763.787	256.000
12771.787	247.000
12779.787	254.000
12787.787	255.000
12795.787	265.000
12803.788	256.000
12811.788	247.000
12819.788	256.000
12827.788	272.000
12835.788	242.000
12843.788	250.000
12851.789	260.000
12859.789	214.000
12867.789	260.000
12875.789	262.000
12883.789	246.000
12891.789	257.000
12899.790	261.000
12907.790	266.000
12915.790	298.000
12923.790	268.000
12931.790	283.000
12939.790	275.000
12947.791	267.000
12955.791	255.000
12963.791	285.000
12971.791	272.000
12979.791	261.000
12987.791	304.000
12995.792	293.000
13003.792	272.000
13011.792	300.000
13019.792	267.000
13027.792	289.000
13035.792	297.000
13043.793	278.000
13051.793	300.000
13059.793	294.000
13067.793	282.000
13075.793	291.000
13083.793	271.000
13091.794	290.000
13099.794	302.000
13107.794	312.000
13115.794	286.000
13123.794	293.000
13131.794	265.000
13139.795	290.000
13147.795	280.000
13155.795	308.000
13163.795	270.000
13171.795	267.000
13179.795	252.000
13187.796	270.000
13195.796	256.000
13203.796	267.000
13211.796	260.000
13219.796	249.000
13227.796	230.000
13235.797	254.000
13243.797	229.000
13251.797	258.000
13259.797	240.000
13267.797	223.000
13275.797	220.000
13283.798	228.000
13291.798	227.000
13299.798	230.000
13307.798	213.000
13315.798	210.000
13323.798	223.000
13331.799	196.000
13339.799	191.000
13347.799	196.000
13355.799	182.000
13363.799	210.000
13371.799	187.000
13379.800	211.000
13387.800	205.000
13395.800	186.000
13403.800	193.000
13411.800	167.000
13419.800	180.000
13427.801	197.000
13435.801	183.000
13443.801	182.000
13451.801	160.000
13459.801	162.000
13467.801	161.000
13475.802	180.000
13483.802	173.000
13491.802	149.000
13499.802	157.000
13507.802	174.000
13515.802	157.000
13523.803	203.000
13531.803	195.000
13539.803	179.000
13547.803	178.000
13555.803	185.000
13563.803	165.000
13571.804	164.000
13579.804	203.000
13587.804	198.000
13595.804	188.000
13603.804	206.000
13611.804	198.000
13619.805	208.000
13627.805	183.000
13635.805	176.000
13643.805	196.000
13651.805	178.000
13659.805	199.000
13667.806	203.000
13675.806	200.000
13683.806	206.000
13691.806	197.000
13699.806	196.000
13707.806	175.000
13715.807	209.000
13723.807	175.000
13731.807	217.000
13739.807	213.000
13747.807	177.000
13755.807	205.000
13763.808	159.000
13771.808	196.000
13779.808	206.000
13787.808	207.000
13795.808	174.000
13803.808	178.000
13811.809	184.000
13819.809	196.000
13827.809	192.000
13835.809	194.000
13843.809	181.000
13851.809	192.000
13859.810	211.000
13867.810	178.000
13875.810	211.000
13883.810	182.000
13891.810	169.000
13899.810	174.000
13907.811	171.000
13915.811	151.000
13923.811	164.000
13931.811	149.000
13939.811	163.000
13947.811	160.000
13955.812	122.000
13963.812	146.000
13971.812	150.000
13979.812	145.000
13987.812	142.000
13995.812	145.000
14003.813	175.000
14011.813	142.000
14019.813	146.000
14027.813	129.000
14035.813	126.000
14043.813	124.000
14051.814	122.000
14059.814	131.000
14067.814	129.000
14075.814	139.000
14083.814	120.000
14091.814	120.000
14099.815	109.000
14107.815	120.000
14115.815	114.000
14123.815	119.000
14131.815	120.000
14139.815	118.000
14147.816	122.000
14155.816	111.000
14163.816	120.000
14171.816	112.000
14179.816	110.000
14187.816	123.000
14195.817	109.000
14203.817	124.000
14211.817	133.000
14219.817	99.000
14227.817	113.000
14235.817	115.000
14243.818	117.000
14251.818	116.000
14259.818	118.000
14267.818	134.000
14275.818	111.000
14283.818	140.000
14291.819	116.000
14299.819	107.000
14307.819	116.000
14315.819	151.000
14323.819	128.000
14331.819	117.000
14339.820	133.000
14347.820	114.000
14355.820	129.000
14363.820	158.000
14371.820	126.000
14379.820	133.000
14387.821	151.000
14395.821	124.000
14403.821	144.000
14411.821	129.000
14419.821	146.000
14427.821	120.000
14435.822	128.000
14443.822	121.000
14451.822	133.000
14459.822	105.000
14467.822	134.000
14475.822	133.000
14483.823	127.000
14491.823	148.000
14499.823	138.000
14507.823	119.000
14515.823	129.000
14523.823	102.000
14531.824	111.000
14539.824	117.000
14547.824	108.000
14555.824	107.000
14563.824	123.000
14571.824	140.000
14579.825	128.000
14587.825	115.000
14595.825	115.000
14603.825	101.000
14611.825	116.000
14619.825	112.000
14627.826	100.000
14635.826	93.000
14643.826	103.000
14651.826	97.000
14659.826	109.000
14667.826	100.000
14675.827	100.000
14683.827	67.000
14691.827	92.000
14699.827	80.000
14707.827	75.000
14715.827	82.000
14723.828	77.000
14731.828	81.000
14739.828	79.000
14747.828	83.000
14755.828	80.000
14763.828	93.000
14771.829	71.000
14779.829	74.000
14787.829	85.000
14795.829	86.000
14803.829	81.000
14811.829	72.000
14819.830	81.000
14827.830	76.000
14835.830	72.000
14843.830	75.000
14851.830	86.000
14859.830	86.000
14867.831	82.000
14875.831	79.000
14883.831	72.000
14891.831	72.000
14899.831	64.000
14907.831	68.000
14915.832	78.000
14923.832	83.000
14931.832	75.000
14939.832	73.000
14947.832	81.000
14955.832	82.000
14963.833	72.000
14971.833	82.000
14979.833	93.000
14987.833	80.000
14995.833	80.000
15003.833	100.000
15011.834	74.000
15019.834	78.000
15027.834	98.000
15035.834	77.000
15043.834	92.000
15051.834	72.000
15059.835	85.000
15067.835	79.000
15075.835	89.000
15083.835	79.000
15091.835	69.000
15099.835	88.000
15107.836	67.000
15115.836	61.000
15123.836	100.000
15131.836	89.000
15139.836	98.000
15147.836	84.000
15155.837	100.000
15163.837	82.000
15171.837	86.000
15179.837	75.000
15187.837	73.000
15195.837	70.000
15203.838	76.000
15211.838	84.000
15219.838	79.000
15227.838	75.000
15235.838	67.000
15243.838	85.000
15251.839	76.000
15259.839	82.000
15267.839	65.000
15275.839	63.000
15283.839	71.000
15291.839	68.000
15299.840	72.000
15307.840	67.000
15315.840	56.000
15323.840	63.000
15331.840	76.000
15339.840	56.000
15347.841	50.000
15355.841	63.000
15363.841	59.000
15371.841	47.000
15379.841	58.000
15387.841	67.000
15395.842	66.000
15403.842	35.000
15411.842	51.000
15419.842	46.000
15427.842	46.000
15435.842	57.000
15443.843	40.000
15451.843	44.000
15459.843	42.000
15467.843	54.000
15475.843	40.000
15483.843	45.000
15491.844	49.000
15499.844	50.000
15507.844	42.000
15515.844	38.000
15523.844	64.000
15531.844	40.000
15539.845	52.000
15547.845	54.000
15555.845	49.000
15563.845	41.000
15571.845	43.000
15579.845	48.000
15587.846	43.000
15595.846	47.000
15603.846	51.000
15611.846	44.000
15619.846	39.000
15627.846	49.000
15635.847	41.000
15643.847	62.000
15651.847	54.000
15659.847	46.000
15667.847	52.000
15675.847	40.000
15683.848	46.000
15691.848	48.000
15699.848	36.000
15707.848	59.000
15715.848	63.000
15723.848	35.000
15731.849	47.000
15739.849	39.000
15747.849	54.000
15755.849	47.000
15763.849	59.000
15771.849	55.000
15779.850	63.000
15787.850	56.000
15795.850	65.000
15803.850	56.000
15811.850	52.000
15819.850	52.000
15827.851	51.000
15835.851	45.000
15843.851	47.000
15851.851	48.000
15859.851	49.000
15867.851	55.000
15875.852	42.000
15883.852	45.000
15891.852	44.000
15899.852	38.000
15907.852	44.000
15915.852	40.000
15923.853	41.000
15931.853	41.000
15939.853	42.000
15947.853	36.000
15955.853	52.000
15963.853	32.000
15971.854	52.000
15979.854	41.000
15987.854	34.000
15995.854	40.000
16003.854	34.000
16011.854	43.000
16019.855	30.000
16027.855	36.000
16035.855	35.000
16043.855	37.000
16051.855	26.000
16059.855	33.000
16067.856	37.000
16075.856	24.000
16083.856	33.000
16091.856	27.000
16099.856	33.000
16107.856	32.000
16115.857	30.000
16123.857	34.000
16131.857	23.000
16139.857	34.000
16147.857	28.000
16155.857	25.000
16163.858	35.000
16171.858	25.000
16179.858	24.000
16187.858	34.000
16195.858	22.000
16203.858	41.000
16211.859	20.000
16219.859	20.000
16227.859	31.000
16235.859	28.000
16243.859	27.000
16251.859	21.000
16259.860	35.000
16267.860	33.000
16275.860	23.000
16283.860	41.000
16291.860	33.000
16299.860	21.000
16307.861	30.000
16315.861	34.000
16323.861	18.000
16331.861	29.000
16339.861	30.000
16347.861	29.000
16355.862	30.000
16363.862	29.000
16371.862	29.000
16379.862	31.000
16387.862	30.000
16395.862	14.000
16403.863	26.000
16411.863	36.000
16419.863	25.000
16427.863	36.000
16435.863	29.000
16443.863	36.000
16451.864	27.000
16459.864	27.000
16467.864	30.000
16475.864	27.000
16483.864	25.000
16491.864	29.000
16499.865	36.000
16507.865	22.000
16515.865	36.000
16523.865	27.000
16531.865	34.000
16539.865	30.000
16547.866	30.000
16555.866	27.000
16563.866	28.000
16571.866	26.000
16579.866	31.000
16587.866	43.000
16595.867	31.000
16603.867	24.000
16611.867	21.000
16619.867	25.000
16627.867	28.000
16635.867	23.000
16643.868	24.000
16651.868	29.000
16659.868	28.000
16667.868	22.000
16675.868	32.000
16683.868	21.000
16691.869	24.000
16699.869	19.000
16707.869	22.000
16715.869	22.000
16723.869	28.000
16731.869	22.000
16739.870	19.000
16747.870	15.000
16755.870	22.000
16763.870	25.000
16771.870	19.000
16779.870	15.000
16787.871	20.000
16795.871	22.000
16803.871	16.000
16811.871	21.000
16819.871	14.000
16827.871	14.000
16835.872	20.000
16843.872	13.000
16851.872	11.000
16859.872	16.000
16867.872	14.000
16875.872	20.000
16883.873	16.000
16891.873	22.000
16899.873	13.000
16907.873	14.000
16915.873	13.000
16923.873	11.000
16931.874	7.000
16939.874	16.000
16947.874	18.000
16955.874	18.000
16963.874	26.000
16971.874	14.000
16979.875	13.000
16987.875	14.000
16995.875	19.000
17003.875	17.000
17011.875	11.000
17019.875	25.000
17027.876	19.000
17035.876	27.000
17043.876	17.000
17051.876	19.000
17059.876	12.000
17067.876	21.000
17075.877	14.000
17083.877	11.000
17091.877	12.000
17099.877	16.000
17107.877	8.000
17115.877	21.000
17123.878	18.000
17131.878	14.000
17139.878	19.000
17147.878	22.000
17155.878	15.000
17163.878	13.000
17171.879	21.000
17179.879	25.000
17187.879	16.000
17195.879	23.000
17203.879	21.000
17211.879	16.000
17219.880	14.000
17227.880	16.000
17235.880	18.000
17243.880	17.000
17251.880	17.000
17259.880	9.000
17267.881	17.000
17275.881	10.000
17283.881	8.000
17291.881	14.000
17299.881	15.000
17307.881	12.000
17315.882	14.000
17323.882	12.000
17331.882	6.000
17339.882	14.000
17347.882	9.000
17355.882	9.000
17363.883	9.000
17371.883	12.000
17379.883	18.000
17387.883	8.000
17395.883	12.000
17403.883	18.000
17411.884	7.000
17419.884	13.000
17427.884	9.000
17435.884	16.000
17443.884	20.000
17451.884	13.000
17459.885	8.000
17467.885	10.000
17475.885	8.000
17483.885	3.000
17491.885	6.000
17499.885	12.000
17507.886	11.000
17515.886	9.000
17523.886	9.000
17531.886	9.000
17539.886	8.000
17547.886	8.000
17555.887	8.000
17563.887	9.000
17571.887	15.000
17579.887	10.000
17587.887	12.000
17595.887	4.000
17603.888	6.000
17611.888	5.000
17619.888	13.000
17627.888	11.000
17635.888	10.000
17643.888	11.000
17651.889	5.000
17659.889	7.000
17667.889	6.000
17675.889	7.000
17683.889	8.000
17691.889	6.000
17699.890	10.000
17707.890	9.000
17715.890	11.000
17723.890	12.000
17731.890	7.000
17739.890	11.000
17747.891	5.000
17755.891	7.000
17763.891	9.000
17771.891	11.000
17779.891	7.000
17787.891	4.000
17795.892	10.000
17803.892	6.000
17811.892	12.000
17819.892	12.000
17827.892	8.000
17835.892	10.000
17843.893	9.000
17851.893	10.000
17859.893	9.000
17867.893	11.000
17875.893	9.000
17883.893	12.000
17891.894	6.000
17899.894	5.000
17907.894	3.000
17915.894	8.000
17923.894	8.000
17931.894	8.000
17939.895	6.000
17947.895	6.000
17955.895	4.000
17963.895	9.000
17971.895	3.000
17979.895	4.000
17987.896	11.000
17995.896	9.000
18003.896	10.000
18011.896	6.000
18019.896	9.000
18027.896	8.000
18035.897	7.000
18043.897	10.000
18051.897	7.000
18059.897	5.000
18067.897	0.000
18075.897	5.000
18083.898	4.000
18091.898	5.000
18099.898	6.000
18107.898	6.000
18115.898	4.000
18123.898	9.000
18131.899	10.000
18139.899	7.000
18147.899	8.000
18155.899	7.000
18163.899	6.000
18171.899	7.000
18179.900	4.000
18187.900	6.000
18195.900	5.000
18203.900	6.000
18211.900	4.000
18219.900	4.000
18227.901	4.000
18235.901	6.000
18243.901	9.000
18251.901	6.000
18259.901	2.000
18267.901	6.000
18275.902	3.000
18283.902	5.000
18291.902	10.000
18299.902	9.000
18307.902	9.000
18315.902	4.000
18323.903	6.000
18331.903	3.000
18339.903	2.000
18347.903	7.000
18355.903	3.000
18363.903	3.000
18371.904	1.000
18379.904	4.000
18387.904	7.000
18395.904	8.000
18403.904	5.000
18411.904	4.000
18419.905	3.000
18427.905	8.000
18435.905	5.000
18443.905	6.000
18451.905	4.000
18459.905	8.000
18467.906	1.000
18475.906	11.000
18483.906	8.000
18491.906	7.000
18499.906	6.000
18507.906	8.000
18515.907	5.000
18523.907	10.000
18531.907	2.000
18539.907	7.000
18547.907	6.000
18555.907	4.000
18563.908	3.000
18571.908	4.000
18579.908	1.000
18587.908	9.000
18595.908	7.000
18603.908	11.000
18611.909	3.000
18619.909	5.000
18627.909	4.000
18635.909	5.000
18643.909	2.000
18651.909	5.000
18659.910	3.000
18667.910	4.000
18675.910	3.000
18683.910	4.000
18691.910	4.000
18699.910	6.000
18707.911	3.000
18715.911	9.000
18723.911	3.000
18731.911	5.000
18739.911	2.000
18747.911	8.000
18755.912	7.000
18763.912	1.000
18771.912	6.000
18779.912	3.000
18787.912	3.000
18795.912	6.000
18803.913	4.000
18811.913	4.000
18819.913	3.000
18827.913	4.000
18835.913	1.000
18843.913	2.000
18851.914	1.000
18859.914	3.000
18867.914	2.000
18875.914	2.000
18883.914	0.000
18891.914	0.000
18899.915	0.000
18907.915	2.000
18915.915	3.000
18923.915	4.000
18931.915	3.000
18939.915	1.000
18947.916	4.000
18955.916	2.000
18963.916	2.000
18971.916	1.000
18979.916	1.000
18987.916	5.000
18995.917	1.000
19003.917	3.000
19011.917	1.000
19019.917	6.000
19027.917	2.000
19035.917	1.000
19043.918	3.000
19051.918	1.000
19059.918	7.000
19067.918	3.000
19075.918	3.000
19083.918	4.000
19091.919	3.000
19099.919	4.000
19107.919	3.000
19115.919	1.000
19123.919	1.000
19131.919	3.000
19139.920	5.000
19147.920	3.000
19155.920	5.000
19163.920	3.000
19171.920	2.000
19179.920	1.000
19187.921	4.000
19195.921	1.000
19203.921	3.000
19211.921	3.000
19219.921	1.000
19227.921	2.000
19235.922	2.000
19243.922	1.000
19251.922	3.000
19259.922	4.000
19267.922	4.000
19275.922	2.000
19283.923	4.000
19291.923	0.000
19299.923	1.000
19307.923	1.000
19315.923	1.000
19323.923	1.000
19331.924	1.000
19339.924	1.000
19347.924	3.000
19355.924	2.000
19363.924	7.000
19371.924	5.000
19379.925	2.000
19387.925	1.000
19395.925	3.000
19403.925	1.000
19411.925	3.000
19419.925	0.000
19427.926	2.000
19435.926	1.000
19443.926	2.000
19451.926	2.000
19459.926	2.000
19467.926	2.000
19475.927	0.000
19483.927	4.000
19491.927	4.000
19499.927	1.000
19507.927	1.000
19515.927	0.000
19523.928	3.000
19531.928	0.000
19539.928	2.000
19547.928	0.000
19555.928	0.000
19563.928	2.000
19571.929	2.000
19579.929	0.000
19587.929	1.000
19595.929	1.000
19603.929	1.000
19611.929	5.000
19619.930	4.000
19627.930	3.000
19635.930	1.000
19643.930	2.000
19651.930	2.000
19659.930	4.000
19667.931	1.000
19675.931	0.000
19683.931	4.000
19691.931	2.000
19699.931	2.000
19707.931	1.000
19715.932	0.000
19723.932	0.000
19731.932	0.000
19739.932	3.000
19747.932	2.000
19755.932	0.000
19763.933	4.000
19771.933	4.000
19779.933	1.000
19787.933	0.000
19795.933	0.000
19803.933	1.000
19811.934	1.000
19819.934	5.000
19827.934	1.000
19835.934	3.000
19843.934	0.000
19851.934	1.000
19859.935	0.000
19867.935	1.000
19875.935	4.000
19883.935	1.000
19891.935	3.000
19899.935	4.000
19907.936	1.000
19915.936	1.000
19923.936	0.000
19931.936	3.000
19939.936	2.000
19947.936	1.000
19955.937	0.000
19963.937	1.000
19971.937	1.000
19979.937	2.000
19987.937	1.000
19995.937	0.000
20003.938	4.000
20011.938	0.000
20019.938	1.000
20027.938	1.000
20035.938	1.000
20043.938	1.000
20051.939	0.000
20059.939	0.000
20067.939	2.000
20075.939	0.000
20083.939	0.000
20091.939	0.000
20099.940	2.000
20107.940	1.000
20115.940	1.000
20123.940	0.000
20131.940	2.000
20139.940	0.000
20147.941	2.000
20155.941	2.000
20163.941	1.000
20171.941	1.000
20179.941	0.000
20187.941	2.000
20195.942	0.000
20203.942	0.000
20211.942	2.000
20219.942	2.000
20227.942	1.000
20235.942	2.000
20243.943	0.000
20251.943	0.000
20259.943	0.000
20267.943	1.000
20275.943	0.000
20283.943	0.000
20291.944	1.000
20299.944	1.000
20307.944	0.000
20315.944	1.000
20323.944	1.000
20331.944	0.000
20339.945	2.000
20347.945	0.000
20355.945	2.000
20363.945	2.000
20371.945	0.000
20379.945	0.000
20387.946	1.000
20395.946	0.000
20403.946	1.000
20411.946	0.000
20419.946	1.000
20427.946	1.000
20435.947	1.000
20443.947	0.000
20451.947	1.000
20459.947	1.000
20467.947	0.000
20475.947	0.000
20483.948	3.000
20491.948	2.000
20499.948	4.000
20507.948	1.000
20515.948	1.000
20523.948	0.000
20531.949	2.000
20539.949	2.000
20547.949	1.000
20555.949	1.000
20563.949	0.000
20571.949	2.000
20579.950	1.000
20587.950	1.000
20595.950	1.000
20603.950	1.000
20611.950	3.000
20619.950	2.000
20627.951	1.000
20635.951	1.000
20643.951	1.000
20651.951	2.000
20659.951	0.000
20667.951	1.000
20675.952	0.000
20683.952	1.000
20691.952	0.000
20699.952	2.000
20707.952	0.000
20715.952	0.000
20723.953	0.000
20731.953	1.000
20739.953	1.000
20747.953	0.000
20755.953	4.000
20763.953	0.000
20771.954	0.000
20779.954	0.000
20787.954	1.000
20795.954	0.000
20803.954	1.000
20811.954	1.000
20819.955	2.000
20827.955	0.000
20835.955	0.000
20843.955	0.000
20851.955	0.000
20859.955	0.000
20867.956	1.000
20875.956	0.000
20883.956	0.000
20891.956	0.000
20899.956	0.000
20907.956	0.000
20915.957	0.000
20923.957	0.000
20931.957	0.000
20939.957	1.000
20947.957	2.000
20955.957	1.000
20963.958	0.000
20971.958	0.000
20979.958	0.000
20987.958	0.000
20995.958	0.000
21003.958	1.000
21011.959	0.000
21019.959	0.000
21027.959	0.000
21035.959	3.000
21043.959	0.000
21051.959	0.000
21059.960	0.000
21067.960	0.000
21075.960	0.000
21083.960	0.000
21091.960	0.000
21099.960	1.000
21107.961	0.000
21115.961	0.000
21123.961	0.000
21131.961	0.000
21139.961	0.000
21147.961	0.000
21155.962	1.000
21163.962	0.000
21171.962	0.000
21179.962	1.000
21187.962	0.000
21195.962	0.000
21203.963	0.000
21211.963	0.000
21219.963	0.000
21227.963	0.000
21235.963	1.000
21243.963	1.000
21251.964	0.000
21259.964	0.000
21267.964	0.000
21275.964	0.000
21283.964	2.000
21291.964	0.000
21299.965	0.000
21307.965	0.000
21315.965	1.000
21323.965	0.000
21331.965	1.000
21339.965	0.000
21347.966	0.000
21355.966	0.000
21363.966	0.000
21371.966	0.000
21379.966	0.000
21387.966	1.000
21395.967	0.000
21403.967	0.000
21411.967	1.000
21419.967	0.000
21427.967	1.000
21435.967	0.000
21443.968	0.000
21451.968	1.000
21459.968	0.000
21467.968	0.000
21475.968	0.000
21483.968	0.000
21491.969	1.000
21499.969	0.000
21507.969	1.000
21515.969	0.000
21523.969	0.000
21531.969	0.000
21539.970	0.000
21547.970	1.000
21555.970	0.000
21563.970	0.000
21571.970	0.000
21579.970	1.000
21587.971	0.000
21595.971	0.000
21603.971	0.000
21611.971	0.000
21619.971	0.000
21627.971	0.000
21635.972	1.000
21643.972	0.000
21651.972	0.000
21659.972	0.000
21667.972	0.000
21675.972	0.000
21683.973	0.000
21691.973	0.000
21699.973	0.000
21707.973	0.000
21715.973	0.000
21723.973	0.000
21731.974	0.000
21739.974	0.000
21747.974	0.000
21755.974	0.000
21763.974	0.000
21771.974	0.000
21779.975	2.000
21787.975	0.000
21795.975	0.000
21803.975	1.000
21811.975	0.000
21819.975	0.000
21827.976	0.000
21835.976	0.000
21843.976	0.000
21851.976	0.000
21859.976	1.000
21867.976	0.000
21875.977	1.000
21883.977	0.000
21891.977	0.000
21899.977	0.000
21907.977	0.000
21915.977	0.000
21923.978	0.000
21931.978	0.000
21939.978	0.000
21947.978	0.000
21955.978	0.000
21963.978	0.000
21971.979	1.000
21979.979	1.000
21987.979	0.000
21995.979	0.000
22003.979	0.000
22011.979	0.000
22019.980	0.000
22027.980	0.000
22035.980	0.000
22043.980	0.000
22051.980	0.000
22059.980	1.000
22067.981	0.000
22075.981	0.000
22083.981	0.000
22091.981	0.000
22099.981	0.000
22107.981	0.000
22115.982	0.000
22123.982	0.000
22131.982	0.000
22139.982	0.000
22147.982	0.000
22155.982	1.000
22163.983	1.000
22171.983	0.000
22179.983	0.000
22187.983	0.000
22195.983	0.000
22203.983	0.000
22211.984	0.000
22219.984	0.000
22227.984	0.000
22235.984	0.000
22243.984	0.000
22251.984	0.000
22259.985	0.000
22267.985	0.000
22275.985	0.000
22283.985	0.000
22291.985	0.000
22299.985	0.000
22307.986	0.000
22315.986	0.000
22323.986	0.000
22331.986	0.000
22339.986	0.000
22347.986	0.000
22355.987	0.000
22363.987	0.000
22371.987	0.000
22379.987	0.000
22387.987	0.000
22395.987	0.000
22403.988	1.000
22411.988	0.000
22419.988	0.000
22427.988	0.000
22435.988	0.000
22443.988	0.000
22451.989	0.000
22459.989	0.000
22467.989	0.000
22475.989	0.000
22483.989	0.000
22491.989	0.000
22499.990	0.000
22507.990	0.000
22515.990	0.000
22523.990	0.000
22531.990	0.000
22539.990	0.000
22547.991	0.000
22555.991	0.000
22563.991	0.000
22571.991	1.000
22579.991	0.000
22587.991	0.000
22595.992	0.000
22603.992	1.000
22611.992	0.000
22619.992	0.000
22627.992	0.000
22635.992	0.000
22643.993	0.000
22651.993	0.000
22659.993	0.000
22667.993	0.000
22675.993	0.000
22683.993	0.000
22691.994	0.000
22699.994	0.000
22707.994	0.000
22715.994	0.000
22723.994	0.000
22731.994	1.000
22739.995	0.000
22747.995	0.000
22755.995	0.000
22763.995	1.000
22771.995	0.000
22779.995	0.000
22787.996	0.000
22795.996	0.000
22803.996	0.000
22811.996	0.000
22819.996	0.000
22827.996	0.000
22835.997	0.000
22843.997	0.000
22851.997	0.000
22859.997	0.000
22867.997	0.000
22875.997	0.000
22883.998	0.000
22891.998	0.000
22899.998	0.000
22907.998	0.000
22915.998	0.000
22923.998	0.000
22931.999	0.000
22939.999	0.000
22947.999	0.000
22955.999	0.000
22963.999	0.000
22971.999	0.000
22980.000	0.000
22988.000	0.000
22996.000	0.000
