-996.500	0.000
-988.500	0.000
-980.500	0.000
-972.499	0.000
-964.499	0.000
-956.499	0.000
-948.499	0.000
-940.499	0.000
-932.499	0.000
-924.498	0.000
-916.498	0.000
-908.498	0.000
-900.498	0.000
-892.498	0.000
-884.498	1.000
-876.497	0.000
-868.497	0.000
-860.497	0.000
-852.497	0.000
-844.497	0.000
-836.497	0.000
-828.496	0.000
-820.496	0.000
-812.496	0.000
-804.496	0.000
-796.496	0.000
-788.496	0.000
-780.495	1.000
-772.495	1.000
-764.495	0.000
-756.495	0.000
-748.495	1.000
-740.495	0.000
-732.494	0.000
-724.494	2.000
-716.494	0.000
-708.494	1.000
-700.494	0.000
-692.494	0.000
-684.493	1.000
-676.493	4.000
-668.493	4.000
-660.493	2.000
-652.493	2.000
-644.493	3.000
-636.492	4.000
-628.492	5.000
-620.492	5.000
-612.492	1.000
-604.492	3.000
-596.492	8.000
-588.491	7.000
-580.491	7.000
-572.491	11.000
-564.491	8.000
-556.491	9.000
-548.491	6.000
-540.490	10.000
-532.490	14.000
-524.490	8.000
-516.490	14.000
-508.490	22.000
-500.490	16.000
-492.489	13.000
-484.489	28.000
-476.489	32.000
-468.489	27.000
-460.489	26.000
-452.489	34.000
-444.488	33.000
-436.488	47.000
-428.488	51.000
-420.488	49.000
-412.488	35.000
-404.488	63.000
-396.487	61.000
-388.487	59.000
-380.487	79.000
-372.487	82.000
-364.487	108.000
-356.487	118.000
-348.486	118.000
-340.486	130.000
-332.486	147.000
-324.486	168.000
-316.486	178.000
-308.486	202.000
-300.485	174.000
-292.485	233.000
-284.485	216.000
-276.485	261.000
-268.485	285.000
-260.485	318.000
-252.484	307.000
-244.484	360.000
-236.484	364.000
-228.484	428.000
-220.484	446.000
-212.484	453.000
-204.483	485.000
-196.483	512.000
-188.483	543.000
-180.483	582.000
-172.483	649.000
-164.483	629.000
-156.482	702.000
-148.482	687.000
-140.482	691.000
-132.482	790.000
-124.482	816.000
-116.482	763.000
-108.481	810.000
-100.481	895.000
-92.481	880.000
-84.481	860.000
-76.481	919.000
-68.481	894.000
-60.480	929.000
-52.480	946.000
-44.480	974.000
-36.480	991.000
-28.480	950.000
-20.480	1011.000
-12.479	990.000
-4.479	952.000
3.521	965.000
11.521	953.000
19.521	967.000
27.521	909.000
35.522	872.000
43.522	905.000
51.522	905.000
59.522	898.000
67.522	831.000
75.522	858.000
83.523	882.000
91.523	816.000
99.523	870.000
107.523	792.000
115.523	814.000
123.523	812.000
131.524	755.000
139.524	699.000
147.524	796.000
155.524	799.000
163.524	740.000
171.524	674.000
179.525	740.000
187.525	731.000
195.525	738.000
203.525	754.000
211.525	710.000
219.525	801.000
227.526	770.000
235.526	779.000
243.526	802.000
251.526	828.000
259.526	844.000
267.526	831.000
275.527	900.000
283.527	911.000
291.527	864.000
299.527	946.000
307.527	977.000
315.527	1013.000
323.528	1000.000
331.528	1012.000
339.528	1006.000
347.528	1131.000
355.528	1099.000
363.528	1107.000
371.529	1176.000
379.529	1188.000
387.529	1242.000
395.529	1291.000
403.529	1281.000
411.529	1191.000
419.530	1276.000
427.530	1275.000
435.530	1267.000
443.530	1245.000
451.530	1220.000
459.530	1265.000
467.531	1215.000
475.531	1284.000
483.531	1302.000
491.531	1330.000
499.531	1273.000
507.531	1255.000
515.532	1197.000
523.532	1169.000
531.532	1171.000
539.532	1107.000
547.532	1071.000
555.532	1143.000
563.533	1057.000
571.533	1026.000
579.533	1042.000
587.533	1030.000
595.533	1003.000
603.533	1021.000
611.534	1019.000
619.534	996.000
627.534	906.000
635.534	971.000
643.534	913.000
651.534	880.000
659.535	874.000
667.535	870.000
675.535	872.000
683.535	913.000
691.535	888.000
699.535	868.000
707.536	936.000
715.536	911.000
723.536	944.000
731.536	916.000
739.536	962.000
747.536	926.000
755.537	1037.000
763.537	944.000
771.537	1038.000
779.537	1079.000
787.537	1071.000
795.537	1085.000
803.538	1156.000
811.538	1060.000
819.538	1164.000
827.538	1180.000
835.538	1189.000
843.538	1212.000
851.539	1224.000
859.539	1233.000
867.539	1219.000
875.539	1218.000
883.539	1340.000
891.539	1282.000
899.540	1341.000
907.540	1329.000
915.540	1360.000
923.540	1386.000
931.540	1438.000
939.540	1394.000
947.541	1396.000
955.541	1396.000
963.541	1356.000
971.541	1381.000
979.541	1366.000
987.541	1373.000
995.542	1399.000
1003.542	1315.000
1011.542	1293.000
1019.542	1322.000
1027.542	1288.000
1035.542	1255.000
1043.543	1254.000
1051.543	1208.000
1059.543	1207.000
1067.543	1160.000
1075.543	1172.000
1083.543	1165.000
1091.544	1118.000
1099.544	1076.000
1107.544	1146.000
1115.544	1042.000
1123.544	1055.000
1131.544	1009.000
1139.545	1033.000
1147.545	956.000
1155.545	945.000
1163.545	971.000
1171.545	978.000
1179.545	994.000
1187.546	958.000
1195.546	916.000
1203.546	974.000
1211.546	1011.000
1219.546	935.000
1227.546	966.000
1235.547	965.000
1243.547	968.000
1251.547	1007.000
1259.547	1120.000
1267.547	1018.000
1275.547	1042.000
1283.548	1075.000
1291.548	1110.000
1299.548	1156.000
1307.548	1176.000
1315.548	1183.000
1323.548	1231.000
1331.549	1235.000
1339.549	1202.000
1347.549	1299.000
1355.549	1266.000
1363.549	1332.000
1371.549	1331.000
1379.550	1303.000
1387.550	1310.000
1395.550	1327.000
1403.550	1338.000
1411.550	1387.000
1419.550	1356.000
1427.551	1395.000
1435.551	1411.000
1443.551	1403.000
1451.551	1454.000
1459.551	1390.000
1467.551	1403.000
1475.552	1405.000
1483.552	1367.000
1491.552	1371.000
1499.552	1331.000
1507.552	1349.000
1515.552	1417.000
1523.553	1281.000
1531.553	1344.000
1539.553	1324.000
1547.553	1218.000
1555.553	1333.000
1563.553	1170.000
1571.554	1172.000
1579.554	1154.000
1587.554	1191.000
1595.554	1150.000
1603.554	1067.000
1611.554	1107.000
1619.555	1084.000
1627.555	1033.000
1635.555	1025.000
1643.555	1043.000
1651.555	1007.000
1659.555	1107.000
1667.556	955.000
1675.556	1011.000
1683.556	984.000
1691.556	972.000
1699.556	987.000
1707.556	967.000
1715.557	975.000
1723.557	1008.000
1731.557	1038.000
1739.557	989.000
1747.557	994.000
1755.557	1018.000
1763.558	1101.000
1771.558	1055.000
1779.558	1084.000
1787.558	1109.000
1795.558	1111.000
1803.558	1156.000
1811.559	1110.000
1819.559	1156.000
1827.559	1163.000
1835.559	1205.000
1843.559	1222.000
1851.559	1289.000
1859.560	1270.000
1867.560	1363.000
1875.560	1292.000
1883.560	1429.000
1891.560	1336.000
1899.560	1346.000
1907.561	1355.000
1915.561	1432.000
1923.561	1283.000
1931.561	1395.000
1939.561	1356.000
1947.561	1437.000
1955.562	1437.000
1963.562	1416.000
1971.562	1412.000
1979.562	1428.000
1987.562	1383.000
1995.562	1321.000
2003.563	1301.000
2011.563	1362.000
2019.563	1326.000
2027.563	1278.000
2035.563	1332.000
2043.563	1274.000
2051.564	1303.000
2059.564	1244.000
2067.564	1267.000
2075.564	1158.000
2083.564	1248.000
2091.564	1144.000
2099.565	1145.000
2107.565	1131.000
2115.565	1101.000
2123.565	1126.000
2131.565	1065.000
2139.565	963.000
2147.566	1012.000
2155.566	1055.000
2163.566	1010.000
2171.566	997.000
2179.566	1027.000
2187.566	991.000
2195.567	996.000
2203.567	961.000
2211.567	976.000
2219.567	982.000
2227.567	994.000
2235.567	988.000
2243.568	981.000
2251.568	999.000
2259.568	999.000
2267.568	1074.000
2275.568	1022.000
2283.568	1020.000
2291.569	1118.000
2299.569	1033.000
2307.569	1106.000
2315.569	1138.000
2323.569	1182.000
2331.569	1159.000
2339.570	1186.000
2347.570	1219.000
2355.570	1199.000
2363.570	1241.000
2371.570	1253.000
2379.570	1261.000
2387.571	1289.000
2395.571	1268.000
2403.571	1355.000
2411.571	1339.000
2419.571	1340.000
2427.571	1353.000
2435.572	1364.000
2443.572	1380.000
2451.572	1445.000
2459.572	1414.000
2467.572	1368.000
2475.572	1413.000
2483.573	1370.000
2491.573	1418.000
2499.573	1415.000
2507.573	1372.000
2515.573	1369.000
2523.573	1324.000
2531.574	1276.000
2539.574	1224.000
2547.574	1293.000
2555.574	1282.000
2563.574	1229.000
2571.574	1204.000
2579.575	1218.000
2587.575	1182.000
2595.575	1177.000
2603.575	1198.000
2611.575	1096.000
2619.575	1104.000
2627.576	1097.000
2635.576	1073.000
2643.576	1088.000
2651.576	1043.000
2659.576	965.000
2667.576	1030.000
2675.577	1064.000
2683.577	1052.000
2691.577	1021.000
2699.577	984.000
2707.577	966.000
2715.577	929.000
2723.578	944.000
2731.578	1050.000
2739.578	949.000
2747.578	970.000
2755.578	966.000
2763.578	1013.000
2771.579	986.000
2779.579	1023.000
2787.579	1056.000
2795.579	1083.000
2803.579	1081.000
2811.579	1087.000
2819.580	1118.000
2827.580	1192.000
2835.580	1081.000
2843.580	1212.000
2851.580	1181.000
2859.580	1223.000
2867.581	1263.000
2875.581	1291.000
2883.581	1288.000
2891.581	1288.000
2899.581	1241.000
2907.581	1265.000
2915.582	1299.000
2923.582	1306.000
2931.582	1383.000
2939.582	1343.000
2947.582	1308.000
2955.582	1335.000
2963.583	1281.000
2971.583	1354.000
2979.583	1391.000
2987.583	1344.000
2995.583	1340.000
3003.583	1389.000
3011.584	1294.000
3019.584	1280.000
3027.584	1306.000
3035.584	1298.000
3043.584	1253.000
3051.584	1294.000
3059.585	1327.000
3067.585	1286.000
3075.585	1208.000
3083.585	1233.000
3091.585	1154.000
3099.585	1221.000
3107.586	1209.000
3115.586	1077.000
3123.586	1137.000
3131.586	1138.000
3139.586	1034.000
3147.586	1101.000
3155.587	1080.000
3163.587	1057.000
3171.587	1032.000
3179.587	997.000
3187.587	1003.000
3195.587	980.000
3203.588	1044.000
3211.588	974.000
3219.588	957.000
3227.588	975.000
3235.588	1006.000
3243.588	990.000
3251.589	1032.000
3259.589	968.000
3267.589	1030.000
3275.589	1019.000
3283.589	1077.000
3291.589	997.000
3299.590	1059.000
3307.590	1039.000
3315.590	1138.000
3323.590	1079.000
3331.590	1095.000
3339.590	1153.000
3347.591	1180.000
3355.591	1176.000
3363.591	1184.000
3371.591	1271.000
3379.591	1214.000
3387.591	1188.000
3395.592	1303.000
3403.592	1366.000
3411.592	1270.000
3419.592	1272.000
3427.592	1322.000
3435.592	1343.000
3443.593	1345.000
3451.593	1322.000
3459.593	1347.000
3467.593	1402.000
3475.593	1312.000
3483.593	1359.000
3491.594	1378.000
3499.594	1350.000
3507.594	1333.000
3515.594	1350.000
3523.594	1276.000
3531.594	1268.000
3539.595	1279.000
3547.595	1269.000
3555.595	1298.000
3563.595	1314.000
3571.595	1247.000
3579.595	1183.000
3587.596	1264.000
3595.596	1223.000
3603.596	1202.000
3611.596	1124.000
3619.596	1131.000
3627.596	1131.000
3635.597	1105.000
3643.597	1069.000
3651.597	1112.000
3659.597	1089.000
3667.597	1071.000
3675.597	1021.000
3683.598	1016.000
3691.598	989.000
3699.598	1015.000
3707.598	1003.000
3715.598	963.000
3723.598	958.000
3731.599	989.000
3739.599	944.000
3747.599	963.000
3755.599	1008.000
3763.599	935.000
3771.599	988.000
3779.600	998.000
3787.600	1018.000
3795.600	975.000
3803.600	1091.000
3811.600	1031.000
3819.600	1087.000
3827.601	1046.000
3835.601	1067.000
3843.601	1093.000
3851.601	1163.000
3859.601	1098.000
3867.601	1161.000
3875.602	1213.000
3883.602	1180.000
3891.602	1174.000
3899.602	1235.000
3907.602	1192.000
3915.602	1265.000
3923.603	1277.000
3931.603	1245.000
3939.603	1315.000
3947.603	1327.000
3955.603	1310.000
3963.603	1326.000
3971.604	1302.000
3979.604	1369.000
3987.604	1403.000
3995.604	1324.000
4003.604	1368.000
4011.604	1352.000
4019.605	1367.000
4027.605	1346.000
4035.605	1310.000
4043.605	1395.000
4051.605	1297.000
4059.605	1302.000
4067.606	1205.000
4075.606	1168.000
4083.606	1205.000
4091.606	1218.000
4099.606	1223.000
4107.606	1219.000
4115.607	1187.000
4123.607	1219.000
4131.607	1134.000
4139.607	1114.000
4147.607	1068.000
4155.607	1127.000
4163.608	1032.000
4171.608	1122.000
4179.608	1043.000
4187.608	980.000
4195.608	987.000
4203.608	939.000
4211.609	970.000
4219.609	993.000
4227.609	970.000
4235.609	950.000
4243.609	958.000
4251.609	953.000
4259.610	928.000
4267.610	1018.000
4275.610	960.000
4283.610	938.000
4291.610	978.000
4299.610	1041.000
4307.611	1060.000
4315.611	1042.000
4323.611	1078.000
4331.611	986.000
4339.611	1082.000
4347.611	1100.000
4355.612	1054.000
4363.612	1113.000
4371.612	1173.000
4379.612	1126.000
4387.612	1098.000
4395.612	1132.000
4403.613	1178.000
4411.613	1185.000
4419.613	1286.000
4427.613	1271.000
4435.613	1250.000
4443.613	1264.000
4451.614	1273.000
4459.614	1230.000
4467.614	1290.000
4475.614	1304.000
4483.614	1316.000
4491.614	1324.000
4499.615	1317.000
4507.615	1299.000
4515.615	1348.000
4523.615	1350.000
4531.615	1324.000
4539.615	1267.000
4547.616	1324.000
4555.616	1193.000
4563.616	1302.000
4571.616	1233.000
4579.616	1297.000
4587.616	1242.000
4595.617	1187.000
4603.617	1215.000
4611.617	1218.000
4619.617	1175.000
4627.617	1184.000
4635.617	1115.000
4643.618	1182.000
4651.618	1108.000
4659.618	1055.000
4667.618	1077.000
4675.618	1069.000
4683.618	1068.000
4691.619	1019.000
4699.619	1061.000
4707.619	982.000
4715.619	967.000
4723.619	996.000
4731.619	955.000
4739.620	945.000
4747.620	975.000
4755.620	972.000
4763.620	959.000
4771.620	958.000
4779.620	956.000
4787.621	994.000
4795.621	948.000
4803.621	958.000
4811.621	1055.000
4819.621	1052.000
4827.621	990.000
4835.622	1021.000
4843.622	999.000
4851.622	1040.000
4859.622	1009.000
4867.622	1054.000
4875.622	1031.000
4883.623	1098.000
4891.623	1099.000
4899.623	1126.000
4907.623	1113.000
4915.623	1156.000
4923.623	1154.000
4931.624	1157.000
4939.624	1226.000
4947.624	1134.000
4955.624	1253.000
4963.624	1210.000
4971.624	1264.000
4979.625	1310.000
4987.625	1221.000
4995.625	1234.000
5003.625	1278.000
5011.625	1261.000
5019.625	1242.000
5027.626	1288.000
5035.626	1241.000
5043.626	1238.000
5051.626	1264.000
5059.626	1227.000
5067.626	1211.000
5075.627	1298.000
5083.627	1160.000
5091.627	1224.000
5099.627	1209.000
5107.627	1198.000
5115.627	1185.000
5123.628	1158.000
5131.628	1154.000
5139.628	1180.000
5147.628	1137.000
5155.628	1052.000
5163.628	1054.000
5171.629	1128.000
5179.629	1090.000
5187.629	1015.000
5195.629	998.000
5203.629	1068.000
5211.629	990.000
5219.630	993.000
5227.630	935.000
5235.630	997.000
5243.630	1003.000
5251.630	945.000
5259.630	888.000
5267.631	916.000
5275.631	922.000
5283.631	869.000
5291.631	934.000
5299.631	931.000
5307.631	916.000
5315.632	884.000
5323.632	970.000
5331.632	962.000
5339.632	907.000
5347.632	963.000
5355.632	969.000
5363.633	945.000
5371.633	946.000
5379.633	942.000
5387.633	1041.000
5395.633	1020.000
5403.633	1058.000
5411.634	994.000
5419.634	1034.000
5427.634	1115.000
5435.634	1117.000
5443.634	1091.000
5451.634	1166.000
5459.635	1138.000
5467.635	1138.000
5475.635	1134.000
5483.635	1068.000
5491.635	1230.000
5499.635	1173.000
5507.636	1233.000
5515.636	1150.000
5523.636	1228.000
5531.636	1112.000
5539.636	1173.000
5547.636	1187.000
5555.637	1155.000
5563.637	1144.000
5571.637	1200.000
5579.637	1186.000
5587.637	1104.000
5595.637	1145.000
5603.638	1183.000
5611.638	1119.000
5619.638	1031.000
5627.638	1165.000
5635.638	1137.000
5643.638	1120.000
5651.639	1025.000
5659.639	1040.000
5667.639	1004.000
5675.639	1090.000
5683.639	1028.000
5691.639	932.000
5699.640	977.000
5707.640	976.000
5715.640	871.000
5723.640	935.000
5731.640	884.000
5739.640	880.000
5747.641	850.000
5755.641	857.000
5763.641	858.000
5771.641	882.000
5779.641	835.000
5787.641	858.000
5795.642	813.000
5803.642	833.000
5811.642	848.000
5819.642	835.000
5827.642	867.000
5835.642	841.000
5843.643	873.000
5851.643	886.000
5859.643	888.000
5867.643	847.000
5875.643	883.000
5883.643	843.000
5891.644	911.000
5899.644	907.000
5907.644	919.000
5915.644	919.000
5923.644	910.000
5931.644	927.000
5939.645	925.000
5947.645	958.000
5955.645	988.000
5963.645	971.000
5971.645	993.000
5979.645	978.000
5987.646	978.000
5995.646	1021.000
6003.646	970.000
6011.646	995.000
6019.646	980.000
6027.646	987.000
6035.647	1077.000
6043.647	1101.000
6051.647	1027.000
6059.647	1045.000
6067.647	984.000
6075.647	1044.000
6083.648	990.000
6091.648	1035.000
6099.648	1052.000
6107.648	974.000
6115.648	1022.000
6123.648	978.000
6131.649	995.000
6139.649	940.000
6147.649	1030.000
6155.649	899.000
6163.649	896.000
6171.649	926.000
6179.650	923.000
6187.650	914.000
6195.650	885.000
6203.650	851.000
6211.650	898.000
6219.650	836.000
6227.651	835.000
6235.651	834.000
6243.651	773.000
6251.651	773.000
6259.651	765.000
6267.651	806.000
6275.652	777.000
6283.652	745.000
6291.652	741.000
6299.652	745.000
6307.652	732.000
6315.652	814.000
6323.653	743.000
6331.653	709.000
6339.653	726.000
6347.653	712.000
6355.653	792.000
6363.653	736.000
6371.654	729.000
6379.654	724.000
6387.654	777.000
6395.654	768.000
6403.654	720.000
6411.654	755.000
6419.655	744.000
6427.655	809.000
6435.655	755.000
6443.655	791.000
6451.655	800.000
6459.655	838.000
6467.656	787.000
6475.656	860.000
6483.656	843.000
6491.656	901.000
6499.656	814.000
6507.656	796.000
6515.657	844.000
6523.657	874.000
6531.657	823.000
6539.657	833.000
6547.657	872.000
6555.657	879.000
6563.658	845.000
6571.658	933.000
6579.658	875.000
6587.658	853.000
6595.658	860.000
6603.658	896.000
6611.659	791.000
6619.659	885.000
6627.659	833.000
6635.659	851.000
6643.659	820.000
6651.659	832.000
6659.660	857.000
6667.660	851.000
6675.660	819.000
6683.660	809.000
6691.660	780.000
6699.660	741.000
6707.661	722.000
6715.661	658.000
6723.661	725.000
6731.661	732.000
6739.661	712.000
6747.661	682.000
6755.662	704.000
6763.662	707.000
6771.662	690.000
6779.662	670.000
6787.662	660.000
6795.662	630.000
6803.663	653.000
6811.663	578.000
6819.663	638.000
6827.663	603.000
6835.663	637.000
6843.663	633.000
6851.664	587.000
6859.664	615.000
6867.664	606.000
6875.664	580.000
6883.664	585.000
6891.664	638.000
6899.665	622.000
6907.665	645.000
6915.665	573.000
6923.665	616.000
6931.665	654.000
6939.665	631.000
6947.666	648.000
6955.666	619.000
6963.666	636.000
6971.666	640.000
6979.666	627.000
6987.666	676.000
6995.667	659.000
7003.667	685.000
7011.667	686.000
7019.667	681.000
7027.667	678.000
7035.667	666.000
7043.668	654.000
7051.668	662.000
7059.668	697.000
7067.668	715.000
7075.668	729.000
7083.668	748.000
7091.669	701.000
7099.669	715.000
7107.669	678.000
7115.669	656.000
7123.669	686.000
7131.669	688.000
7139.670	684.000
7147.670	714.000
7155.670	673.000
7163.670	645.000
7171.670	649.000
7179.670	624.000
7187.671	654.000
7195.671	633.000
7203.671	614.000
7211.671	646.000
7219.671	616.000
7227.671	605.000
7235.672	633.000
7243.672	576.000
7251.672	559.000
7259.672	543.000
7267.672	569.000
7275.672	489.000
7283.673	506.000
7291.673	550.000
7299.673	534.000
7307.673	536.000
7315.673	477.000
7323.673	527.000
7331.674	468.000
7339.674	467.000
7347.674	471.000
7355.674	449.000
7363.674	475.000
7371.674	468.000
7379.675	462.000
7387.675	504.000
7395.675	463.000
7403.675	477.000
7411.675	452.000
7419.675	481.000
7427.676	482.000
7435.676	454.000
7443.676	469.000
7451.676	470.000
7459.676	494.000
7467.676	484.000
7475.677	433.000
7483.677	469.000
7491.677	505.000
7499.677	481.000
7507.677	466.000
7515.677	478.000
7523.678	504.000
7531.678	569.000
7539.678	510.000
7547.678	499.000
7555.678	491.000
7563.678	545.000
7571.679	531.000
7579.679	513.000
7587.679	524.000
7595.679	498.000
7603.679	537.000
7611.679	551.000
7619.680	535.000
7627.680	556.000
7635.680	522.000
7643.680	538.000
7651.680	497.000
7659.680	531.000
7667.681	503.000
7675.681	538.000
7683.681	477.000
7691.681	502.000
7699.681	494.000
7707.681	472.000
7715.682	458.000
7723.682	423.000
7731.682	498.000
7739.682	481.000
7747.682	482.000
7755.682	463.000
7763.683	410.000
7771.683	432.000
7779.683	434.000
7787.683	406.000
7795.683	437.000
7803.683	424.000
7811.684	390.000
7819.684	394.000
7827.684	386.000
7835.684	395.000
7843.684	389.000
7851.684	360.000
7859.685	348.000
7867.685	340.000
7875.685	354.000
7883.685	383.000
7891.685	332.000
7899.685	328.000
7907.686	339.000
7915.686	355.000
7923.686	363.000
7931.686	338.000
7939.686	321.000
7947.686	331.000
7955.687	355.000
7963.687	379.000
7971.687	388.000
7979.687	383.000
7987.687	339.000
7995.687	347.000
8003.688	377.000
8011.688	363.000
8019.688	334.000
8027.688	386.000
8035.688	353.000
8043.688	396.000
8051.689	391.000
8059.689	376.000
8067.689	392.000
8075.689	391.000
8083.689	363.000
8091.689	364.000
8099.690	361.000
8107.690	359.000
8115.690	394.000
8123.690	375.000
8131.690	374.000
8139.690	407.000
8147.691	395.000
8155.691	381.000
8163.691	373.000
8171.691	391.000
8179.691	370.000
8187.691	371.000
8195.692	369.000
8203.692	352.000
8211.692	385.000
8219.692	336.000
8227.692	366.000
8235.692	371.000
8243.693	319.000
8251.693	319.000
8259.693	329.000
8267.693	316.000
8275.693	307.000
8283.693	344.000
8291.694	304.000
8299.694	290.000
8307.694	319.000
8315.694	306.000
8323.694	308.000
8331.694	284.000
8339.695	265.000
8347.695	287.000
8355.695	279.000
8363.695	254.000
8371.695	271.000
8379.695	252.000
8387.696	243.000
8395.696	246.000
8403.696	244.000
8411.696	241.000
8419.696	204.000
8427.696	239.000
8435.697	245.000
8443.697	236.000
8451.697	217.000
8459.697	266.000
8467.697	215.000
8475.697	245.000
8483.698	213.000
8491.698	236.000
8499.698	234.000
8507.698	238.000
8515.698	273.000
8523.698	233.000
8531.699	223.000
8539.699	255.000
8547.699	238.000
8555.699	302.000
8563.699	254.000
8571.699	253.000
8579.700	247.000
8587.700	249.000
8595.700	257.000
8603.700	243.000
8611.700	282.000
8619.700	248.000
8627.701	257.000
8635.701	274.000
8643.701	251.000
8651.701	229.000
8659.701	266.000
8667.701	247.000
8675.702	233.000
8683.702	260.000
8691.702	261.000
8699.702	241.000
8707.702	277.000
8715.702	221.000
8723.703	241.000
8731.703	215.000
8739.703	259.000
8747.703	271.000
8755.703	242.000
8763.703	229.000
8771.704	211.000
8779.704	231.000
8787.704	218.000
8795.704	211.000
8803.704	236.000
8811.704	211.000
8819.705	172.000
8827.705	216.000
8835.705	198.000
8843.705	180.000
8851.705	203.000
8859.705	193.000
8867.706	218.000
8875.706	180.000
8883.706	161.000
8891.706	179.000
8899.706	155.000
8907.706	155.000
8915.707	180.000
8923.707	167.000
8931.707	168.000
8939.707	156.000
8947.707	163.000
8955.707	175.000
8963.708	160.000
8971.708	150.000
8979.708	176.000
8987.708	171.000
8995.708	161.000
9003.708	169.000
9011.709	170.000
9019.709	172.000
9027.709	146.000
9035.709	174.000
9043.709	148.000
9051.709	150.000
9059.710	166.000
9067.710	185.000
9075.710	152.000
9083.710	157.000
9091.710	161.000
9099.710	168.000
9107.711	171.000
9115.711	198.000
9123.711	152.000
9131.711	189.000
9139.711	174.000
9147.711	162.000
9155.712	159.000
9163.712	156.000
9171.712	177.000
9179.712	158.000
9187.712	153.000
9195.712	166.000
9203.713	147.000
9211.713	163.000
9219.713	170.000
9227.713	126.000
9235.713	167.000
9243.713	140.000
9251.714	186.000
9259.714	158.000
9267.714	159.000
9275.714	142.000
9283.714	130.000
9291.714	126.000
9299.715	136.000
9307.715	129.000
9315.715	124.000
9323.715	135.000
9331.715	127.000
9339.715	125.000
9347.716	115.000
9355.716	130.000
9363.716	106.000
9371.716	118.000
9379.716	115.000
9387.716	116.000
9395.717	132.000
9403.717	119.000
9411.717	103.000
9419.717	118.000
9427.717	123.000
9435.717	121.000
9443.718	101.000
9451.718	97.000
9459.718	113.000
9467.718	123.000
9475.718	97.000
9483.718	91.000
9491.719	98.000
9499.719	114.000
9507.719	93.000
9515.719	107.000
9523.719	98.000
9531.719	94.000
9539.720	95.000
9547.720	95.000
9555.720	102.000
9563.720	111.000
9571.720	106.000
9579.720	100.000
9587.721	119.000
9595.721	88.000
9603.721	107.000
9611.721	113.000
9619.721	105.000
9627.721	96.000
9635.722	95.000
9643.722	116.000
9651.722	107.000
9659.722	102.000
9667.722	114.000
9675.722	115.000
9683.723	94.000
9691.723	104.000
9699.723	104.000
9707.723	107.000
9715.723	101.000
9723.723	92.000
9731.724	111.000
9739.724	101.000
9747.724	110.000
9755.724	92.000
9763.724	108.000
9771.724	99.000
9779.725	107.000
9787.725	97.000
9795.725	92.000
9803.725	91.000
9811.725	95.000
9819.725	87.000
9827.726	94.000
9835.726	92.000
9843.726	83.000
9851.726	75.000
9859.726	67.000
9867.726	100.000
9875.727	77.000
9883.727	84.000
9891.727	70.000
9899.727	75.000
9907.727	67.000
9915.727	64.000
9923.728	65.000
9931.728	88.000
9939.728	68.000
9947.728	55.000
9955.728	67.000
9963.728	62.000
9971.729	76.000
9979.729	80.000
9987.729	64.000
9995.729	58.000
10003.729	55.000
10011.729	79.000
10019.730	47.000
10027.730	49.000
10035.730	68.000
10043.730	71.000
10051.730	59.000
10059.730	69.000
10067.731	50.000
10075.731	62.000
10083.731	56.000
10091.731	54.000
10099.731	67.000
10107.731	60.000
10115.732	61.000
10123.732	56.000
10131.732	52.000
10139.732	59.000
10147.732	50.000
10155.732	77.000
10163.733	58.000
10171.733	54.000
10179.733	61.000
10187.733	56.000
10195.733	65.000
10203.733	57.000
10211.734	71.000
10219.734	71.000
10227.734	60.000
10235.734	75.000
10243.734	61.000
10251.734	49.000
10259.735	55.000
10267.735	54.000
10275.735	69.000
10283.735	59.000
10291.735	64.000
10299.735	53.000
10307.736	56.000
10315.736	69.000
10323.736	55.000
10331.736	48.000
10339.736	61.000
10347.736	50.000
10355.737	47.000
10363.737	37.000
10371.737	48.000
10379.737	40.000
10387.737	47.000
10395.737	54.000
10403.738	47.000
10411.738	36.000
10419.738	33.000
10427.738	43.000
10435.738	44.000
10443.738	39.000
10451.739	40.000
10459.739	44.000
10467.739	35.000
10475.739	49.000
10483.739	36.000
10491.739	40.000
10499.740	38.000
10507.740	38.000
10515.740	33.000
10523.740	36.000
10531.740	26.000
10539.740	39.000
10547.741	33.000
10555.741	31.000
10563.741	43.000
10571.741	23.000
10579.741	28.000
10587.741	42.000
10595.742	32.000
10603.742	44.000
10611.742	31.000
10619.742	41.000
10627.742	52.000
10635.742	33.000
10643.743	18.000
10651.743	41.000
10659.743	27.000
10667.743	31.000
10675.743	27.000
10683.743	28.000
10691.744	35.000
10699.744	33.000
10707.744	43.000
10715.744	32.000
10723.744	30.000
10731.744	38.000
10739.745	34.000
10747.745	33.000
10755.745	30.000
10763.745	28.000
10771.745	36.000
10779.745	33.000
10787.746	30.000
10795.746	29.000
10803.746	36.000
10811.746	33.000
10819.746	30.000
10827.746	30.000
10835.747	25.000
10843.747	30.000
10851.747	29.000
10859.747	24.000
10867.747	22.000
10875.747	19.000
10883.748	24.000
10891.748	24.000
10899.748	25.000
10907.748	31.000
10915.748	29.000
10923.748	24.000
10931.749	31.000
10939.749	28.000
10947.749	23.000
10955.749	20.000
10963.749	24.000
10971.749	21.000
10979.750	27.000
10987.750	15.000
10995.750	17.000
11003.750	23.000
11011.750	24.000
11019.750	25.000
11027.751	35.000
11035.751	21.000
11043.751	13.000
11051.751	18.000
11059.751	18.000
11067.751	25.000
11075.752	18.000
11083.752	16.000
11091.752	23.000
11099.752	15.000
11107.752	13.000
11115.752	25.000
11123.753	17.000
11131.753	23.000
11139.753	16.000
11147.753	16.000
11155.753	19.000
11163.753	14.000
11171.754	18.000
11179.754	24.000
11187.754	21.000
11195.754	19.000
11203.754	20.000
11211.754	21.000
11219.755	24.000
11227.755	20.000
11235.755	26.000
11243.755	22.000
11251.755	24.000
11259.755	19.000
11267.756	23.000
11275.756	22.000
11283.756	13.000
11291.756	17.000
11299.756	20.000
11307.756	26.000
11315.757	24.000
11323.757	16.000
11331.757	17.000
11339.757	16.000
11347.757	10.000
11355.757	10.000
11363.758	9.000
11371.758	15.000
11379.758	18.000
11387.758	16.000
11395.758	12.000
11403.758	17.000
11411.759	12.000
11419.759	20.000
11427.759	8.000
11435.759	15.000
11443.759	9.000
11451.759	11.000
11459.760	14.000
11467.760	11.000
11475.760	10.000
11483.760	10.000
11491.760	9.000
11499.760	9.000
11507.761	17.000
11515.761	12.000
11523.761	18.000
11531.761	13.000
11539.761	7.000
11547.761	12.000
11555.762	10.000
11563.762	19.000
11571.762	13.000
11579.762	8.000
11587.762	12.000
11595.762	5.000
11603.763	10.000
11611.763	9.000
11619.763	16.000
11627.763	11.000
11635.763	9.000
11643.763	14.000
11651.764	8.000
11659.764	15.000
11667.764	8.000
11675.764	12.000
11683.764	8.000
11691.764	5.000
11699.765	8.000
11707.765	15.000
11715.765	8.000
11723.765	6.000
11731.765	10.000
11739.765	8.000
11747.766	6.000
11755.766	9.000
11763.766	5.000
11771.766	9.000
11779.766	9.000
11787.766	10.000
11795.767	14.000
11803.767	11.000
11811.767	10.000
11819.767	6.000
11827.767	9.000
11835.767	3.000
11843.768	6.000
11851.768	8.000
11859.768	10.000
11867.768	10.000
11875.768	10.000
11883.768	8.000
11891.769	7.000
11899.769	10.000
11907.769	4.000
11915.769	5.000
11923.769	9.000
11931.769	8.000
11939.770	6.000
11947.770	6.000
11955.770	8.000
11963.770	7.000
11971.770	5.000
11979.770	6.000
11987.771	6.000
11995.771	3.000
12003.771	11.000
12011.771	7.000
12019.771	5.000
12027.771	4.000
12035.772	7.000
12043.772	9.000
12051.772	7.000
12059.772	5.000
12067.772	4.000
12075.772	2.000
12083.773	6.000
12091.773	3.000
12099.773	1.000
12107.773	5.000
12115.773	6.000
12123.773	2.000
12131.774	3.000
12139.774	6.000
12147.774	4.000
12155.774	6.000
12163.774	3.000
12171.774	5.000
12179.775	5.000
12187.775	8.000
12195.775	1.000
12203.775	2.000
12211.775	6.000
12219.775	7.000
12227.776	8.000
12235.776	4.000
12243.776	5.000
12251.776	3.000
12259.776	8.000
12267.776	7.000
12275.777	5.000
12283.777	2.000
12291.777	5.000
12299.777	5.000
12307.777	2.000
12315.777	7.000
12323.778	3.000
12331.778	4.000
12339.778	2.000
12347.778	6.000
12355.778	7.000
12363.778	3.000
12371.779	7.000
12379.779	6.000
12387.779	1.000
12395.779	7.000
12403.779	5.000
12411.779	3.000
12419.780	3.000
12427.780	5.000
12435.780	2.000
12443.780	3.000
12451.780	4.000
12459.780	3.000
12467.781	2.000
12475.781	3.000
12483.781	7.000
12491.781	1.000
12499.781	5.000
12507.781	4.000
12515.782	3.000
12523.782	6.000
12531.782	5.000
12539.782	2.000
12547.782	5.000
12555.782	4.000
12563.783	2.000
12571.783	1.000
12579.783	3.000
12587.783	3.000
12595.783	0.000
12603.783	1.000
12611.784	3.000
12619.784	6.000
12627.784	3.000
12635.784	4.000
12643.784	4.000
12651.784	2.000
12659.785	0.000
12667.785	5.000
12675.785	2.000
12683.785	2.000
12691.785	3.000
12699.785	1.000
12707.786	2.000
12715.786	1.000
12723.786	4.000
12731.786	2.000
12739.786	2.000
12747.786	0.000
12755.787	4.000
12763.787	3.000
12771.787	4.000
12779.787	3.000
12787.787	3.000
12795.787	4.000
12803.788	1.000
12811.788	2.000
12819.788	1.000
12827.788	2.000
12835.788	3.000
12843.788	1.000
12851.789	2.000
12859.789	4.000
12867.789	2.000
12875.789	1.000
12883.789	2.000
12891.789	4.000
12899.790	0.000
12907.790	2.000
12915.790	1.000
12923.790	3.000
12931.790	3.000
12939.790	0.000
12947.791	3.000
12955.791	0.000
12963.791	1.000
12971.791	2.000
12979.791	0.000
12987.791	4.000
12995.792	1.000
13003.792	1.000
13011.792	2.000
13019.792	1.000
13027.792	0.000
13035.792	2.000
13043.793	0.000
13051.793	4.000
13059.793	1.000
13067.793	1.000
13075.793	3.000
13083.793	2.000
13091.794	0.000
13099.794	3.000
13107.794	3.000
13115.794	3.000
13123.794	0.000
13131.794	2.000
13139.795	1.000
13147.795	3.000
13155.795	2.000
13163.795	4.000
13171.795	1.000
13179.795	3.000
13187.796	1.000
13195.796	0.000
13203.796	5.000
13211.796	0.000
13219.796	2.000
13227.796	1.000
13235.797	1.000
13243.797	1.000
13251.797	2.000
13259.797	2.000
13267.797	1.000
13275.797	0.000
13283.798	1.000
13291.798	1.000
13299.798	2.000
13307.798	4.000
13315.798	4.000
13323.798	0.000
13331.799	3.000
13339.799	3.000
13347.799	1.000
13355.799	1.000
13363.799	0.000
13371.799	1.000
13379.800	0.000
13387.800	1.000
13395.800	1.000
13403.800	1.000
13411.800	0.000
13419.800	0.000
13427.801	0.000
13435.801	2.000
13443.801	2.000
13451.801	1.000
13459.801	2.000
13467.801	1.000
13475.802	0.000
13483.802	0.000
13491.802	1.000
13499.802	2.000
13507.802	0.000
13515.802	2.000
13523.803	2.000
13531.803	2.000
13539.803	2.000
13547.803	0.000
13555.803	1.000
13563.803	0.000
13571.804	1.000
13579.804	1.000
13587.804	0.000
13595.804	1.000
13603.804	1.000
13611.804	1.000
13619.805	1.000
13627.805	0.000
13635.805	1.000
13643.805	0.000
13651.805	0.000
13659.805	1.000
13667.806	0.000
13675.806	2.000
13683.806	0.000
13691.806	0.000
13699.806	0.000
13707.806	1.000
13715.807	0.000
13723.807	0.000
13731.807	1.000
13739.807	0.000
13747.807	0.000
13755.807	0.000
13763.808	0.000
13771.808	1.000
13779.808	1.000
13787.808	0.000
13795.808	0.000
13803.808	1.000
13811.809	1.000
13819.809	0.000
13827.809	0.000
13835.809	0.000
13843.809	0.000
13851.809	0.000
13859.810	0.000
13867.810	1.000
13875.810	1.000
13883.810	0.000
13891.810	0.000
13899.810	2.000
13907.811	1.000
13915.811	0.000
13923.811	0.000
13931.811	0.000
13939.811	0.000
13947.811	0.000
13955.812	0.000
13963.812	2.000
13971.812	0.000
13979.812	0.000
13987.812	0.000
13995.812	0.000
14003.813	1.000
14011.813	1.000
14019.813	0.000
14027.813	1.000
14035.813	0.000
14043.813	0.000
14051.814	0.000
14059.814	0.000
14067.814	0.000
14075.814	0.000
14083.814	1.000
14091.814	0.000
14099.815	0.000
14107.815	0.000
14115.815	0.000
14123.815	0.000
14131.815	0.000
14139.815	0.000
14147.816	0.000
14155.816	1.000
14163.816	0.000
14171.816	0.000
14179.816	0.000
14187.816	0.000
14195.817	0.000
14203.817	0.000
14211.817	0.000
14219.817	0.000
14227.817	1.000
14235.817	0.000
14243.818	0.000
14251.818	0.000
14259.818	1.000
14267.818	0.000
14275.818	0.000
14283.818	0.000
14291.819	1.000
14299.819	1.000
14307.819	0.000
14315.819	1.000
14323.819	0.000
14331.819	1.000
14339.820	0.000
14347.820	1.000
14355.820	1.000
14363.820	0.000
14371.820	0.000
14379.820	1.000
14387.821	0.000
14395.821	0.000
14403.821	0.000
14411.821	0.000
14419.821	0.000
14427.821	0.000
14435.822	2.000
14443.822	0.000
14451.822	0.000
14459.822	0.000
14467.822	0.000
14475.822	0.000
14483.823	0.000
14491.823	0.000
14499.823	0.000
14507.823	0.000
14515.823	0.000
14523.823	0.000
14531.824	2.000
14539.824	0.000
14547.824	0.000
14555.824	1.000
14563.824	0.000
14571.824	0.000
14579.825	0.000
14587.825	0.000
14595.825	0.000
14603.825	1.000
14611.825	0.000
14619.825	0.000
14627.826	0.000
14635.826	0.000
14643.826	0.000
14651.826	1.000
14659.826	0.000
14667.826	0.000
14675.827	1.000
14683.827	0.000
14691.827	0.000
14699.827	1.000
14707.827	0.000
14715.827	0.000
14723.828	0.000
14731.828	0.000
14739.828	0.000
14747.828	0.000
14755.828	0.000
14763.828	0.000
14771.829	1.000
14779.829	1.000
14787.829	0.000
14795.829	0.000
14803.829	0.000
14811.829	0.000
14819.830	0.000
14827.830	0.000
14835.830	0.000
14843.830	0.000
14851.830	0.000
14859.830	0.000
14867.831	1.000
14875.831	0.000
14883.831	0.000
14891.831	0.000
14899.831	0.000
14907.831	0.000
14915.832	0.000
14923.832	0.000
14931.832	0.000
14939.832	0.000
14947.832	0.000
14955.832	0.000
14963.833	0.000
14971.833	0.000
14979.833	0.000
14987.833	0.000
14995.833	0.000
15003.833	0.000
15011.834	0.000
15019.834	0.000
15027.834	1.000
15035.834	0.000
15043.834	0.000
15051.834	0.000
15059.835	1.000
15067.835	0.000
15075.835	0.000
15083.835	0.000
15091.835	0.000
15099.835	0.000
15107.836	0.000
15115.836	0.000
15123.836	0.000
15131.836	0.000
15139.836	0.000
15147.836	0.000
15155.837	0.000
15163.837	0.000
15171.837	1.000
15179.837	0.000
15187.837	0.000
15195.837	0.000
15203.838	0.000
15211.838	0.000
15219.838	0.000
15227.838	0.000
15235.838	0.000
15243.838	0.000
15251.839	0.000
15259.839	0.000
15267.839	1.000
15275.839	0.000
15283.839	0.000
15291.839	0.000
15299.840	0.000
15307.840	0.000
15315.840	1.000
15323.840	0.000
15331.840	0.000
15339.840	0.000
15347.841	0.000
15355.841	0.000
15363.841	0.000
15371.841	0.000
15379.841	0.000
15387.841	0.000
15395.842	0.000
15403.842	0.000
15411.842	0.000
15419.842	0.000
15427.842	0.000
15435.842	0.000
15443.843	0.000
15451.843	0.000
15459.843	0.000
15467.843	0.000
15475.843	0.000
15483.843	0.000
15491.844	0.000
15499.844	0.000
15507.844	0.000
15515.844	0.000
15523.844	0.000
15531.844	0.000
15539.845	0.000
15547.845	0.000
15555.845	0.000
15563.845	0.000
15571.845	0.000
15579.845	0.000
15587.846	0.000
15595.846	0.000
15603.846	0.000
15611.846	0.000
15619.846	0.000
15627.846	0.000
15635.847	0.000
15643.847	1.000
15651.847	0.000
15659.847	0.000
15667.847	0.000
15675.847	0.000
15683.848	0.000
15691.848	0.000
15699.848	0.000
15707.848	0.000
15715.848	0.000
15723.848	0.000
15731.849	0.000
15739.849	0.000
15747.849	0.000
15755.849	0.000
15763.849	0.000
15771.849	0.000
15779.850	0.000
15787.850	0.000
15795.850	0.000
15803.850	0.000
15811.850	0.000
15819.850	0.000
15827.851	0.000
15835.851	0.000
15843.851	0.000
15851.851	0.000
15859.851	0.000
15867.851	0.000
15875.852	0.000
15883.852	0.000
15891.852	0.000
15899.852	0.000
15907.852	0.000
15915.852	0.000
15923.853	0.000
15931.853	0.000
15939.853	0.000
15947.853	0.000
15955.853	0.000
15963.853	0.000
15971.854	0.000
15979.854	0.000
15987.854	0.000
15995.854	0.000
16003.854	0.000
16011.854	0.000
16019.855	0.000
16027.855	0.000
16035.855	0.000
16043.855	0.000
16051.855	0.000
16059.855	0.000
16067.856	0.000
16075.856	0.000
16083.856	0.000
16091.856	0.000
16099.856	0.000
16107.856	0.000
16115.857	0.000
16123.857	0.000
16131.857	0.000
16139.857	0.000
16147.857	0.000
16155.857	0.000
16163.858	0.000
16171.858	0.000
16179.858	0.000
16187.858	0.000
16195.858	0.000
16203.858	0.000
16211.859	0.000
16219.859	0.000
16227.859	0.000
16235.859	0.000
16243.859	0.000
16251.859	0.000
16259.860	0.000
16267.860	0.000
16275.860	0.000
16283.860	0.000
16291.860	0.000
16299.860	0.000
16307.861	0.000
16315.861	0.000
16323.861	0.000
16331.861	0.000
16339.861	0.000
16347.861	0.000
16355.862	0.000
16363.862	0.000
16371.862	0.000
16379.862	0.000
16387.862	0.000
16395.862	0.000
16403.863	0.000
16411.863	0.000
16419.863	0.000
16427.863	0.000
16435.863	0.000
16443.863	0.000
16451.864	0.000
16459.864	0.000
16467.864	0.000
16475.864	0.000
16483.864	0.000
16491.864	0.000
16499.865	0.000
16507.865	0.000
16515.865	0.000
16523.865	0.000
16531.865	0.000
16539.865	0.000
16547.866	0.000
16555.866	0.000
16563.866	0.000
16571.866	0.000
16579.866	0.000
16587.866	0.000
16595.867	0.000
16603.867	0.000
16611.867	0.000
16619.867	0.000
16627.867	0.000
16635.867	0.000
16643.868	0.000
16651.868	0.000
16659.868	0.000
16667.868	0.000
16675.868	0.000
16683.868	0.000
16691.869	0.000
16699.869	1.000
16707.869	0.000
16715.869	0.000
16723.869	0.000
16731.869	0.000
16739.870	0.000
16747.870	0.000
16755.870	0.000
16763.870	0.000
16771.870	0.000
16779.870	0.000
16787.871	0.000
16795.871	0.000
16803.871	0.000
16811.871	0.000
16819.871	0.000
16827.871	0.000
16835.872	0.000
16843.872	0.000
16851.872	0.000
16859.872	0.000
16867.872	0.000
16875.872	0.000
16883.873	0.000
16891.873	0.000
16899.873	0.000
16907.873	0.000
16915.873	0.000
16923.873	0.000
16931.874	0.000
16939.874	0.000
16947.874	0.000
16955.874	0.000
16963.874	0.000
16971.874	0.000
16979.875	0.000
16987.875	0.000
16995.875	0.000
17003.875	0.000
17011.875	0.000
17019.875	0.000
17027.876	0.000
17035.876	0.000
17043.876	0.000
17051.876	0.000
17059.876	0.000
17067.876	0.000
17075.877	0.000
17083.877	0.000
17091.877	0.000
17099.877	0.000
17107.877	0.000
17115.877	0.000
17123.878	0.000
17131.878	0.000
17139.878	0.000
17147.878	0.000
17155.878	0.000
17163.878	0.000
17171.879	0.000
17179.879	0.000
17187.879	0.000
17195.879	0.000
17203.879	0.000
17211.879	0.000
17219.880	0.000
17227.880	0.000
17235.880	0.000
17243.880	0.000
17251.880	0.000
17259.880	0.000
17267.881	0.000
17275.881	0.000
17283.881	0.000
17291.881	0.000
17299.881	0.000
17307.881	0.000
17315.882	0.000
17323.882	0.000
17331.882	0.000
17339.882	0.000
17347.882	0.000
17355.882	0.000
17363.883	0.000
17371.883	0.000
17379.883	0.000
17387.883	0.000
17395.883	0.000
17403.883	0.000
17411.884	0.000
17419.884	0.000
17427.884	0.000
17435.884	0.000
17443.884	0.000
17451.884	0.000
17459.885	0.000
17467.885	0.000
17475.885	0.000
17483.885	0.000
17491.885	0.000
17499.885	0.000
17507.886	0.000
17515.886	0.000
17523.886	0.000
17531.886	0.000
17539.886	0.000
17547.886	0.000
17555.887	0.000
17563.887	0.000
17571.887	0.000
17579.887	0.000
17587.887	0.000
17595.887	0.000
17603.888	0.000
17611.888	0.000
17619.888	0.000
17627.888	0.000
17635.888	0.000
17643.888	0.000
17651.889	0.000
17659.889	0.000
17667.889	0.000
17675.889	0.000
17683.889	0.000
17691.889	0.000
17699.890	0.000
17707.890	0.000
17715.890	0.000
17723.890	0.000
17731.890	0.000
17739.890	0.000
17747.891	0.000
17755.891	0.000
17763.891	0.000
17771.891	0.000
17779.891	0.000
17787.891	0.000
17795.892	0.000
17803.892	0.000
17811.892	0.000
17819.892	0.000
17827.892	0.000
17835.892	0.000
17843.893	0.000
17851.893	0.000
17859.893	0.000
17867.893	0.000
17875.893	0.000
17883.893	0.000
17891.894	0.000
17899.894	0.000
17907.894	0.000
17915.894	0.000
17923.894	0.000
17931.894	0.000
17939.895	0.000
17947.895	0.000
17955.895	0.000
17963.895	0.000
17971.895	0.000
17979.895	0.000
17987.896	0.000
17995.896	0.000
18003.896	0.000
18011.896	0.000
18019.896	0.000
18027.896	0.000
18035.897	0.000
18043.897	0.000
18051.897	0.000
18059.897	0.000
18067.897	0.000
18075.897	0.000
18083.898	0.000
18091.898	0.000
18099.898	0.000
18107.898	0.000
18115.898	0.000
18123.898	0.000
18131.899	0.000
18139.899	0.000
18147.899	0.000
18155.899	0.000
18163.899	0.000
18171.899	0.000
18179.900	0.000
18187.900	0.000
18195.900	0.000
18203.900	0.000
18211.900	0.000
18219.900	0.000
18227.901	0.000
18235.901	0.000
18243.901	0.000
18251.901	0.000
18259.901	0.000
18267.901	0.000
18275.902	0.000
18283.902	0.000
18291.902	0.000
18299.902	0.000
18307.902	0.000
18315.902	0.000
18323.903	0.000
18331.903	0.000
18339.903	0.000
18347.903	0.000
18355.903	0.000
18363.903	0.000
18371.904	0.000
18379.904	0.000
18387.904	0.000
18395.904	0.000
18403.904	0.000
18411.904	0.000
18419.905	0.000
18427.905	0.000
18435.905	0.000
18443.905	0.000
18451.905	0.000
18459.905	0.000
18467.906	0.000
18475.906	0.000
18483.906	0.000
18491.906	0.000
18499.906	0.000
18507.906	0.000
18515.907	0.000
18523.907	0.000
18531.907	0.000
18539.907	0.000
18547.907	0.000
18555.907	0.000
18563.908	0.000
18571.908	0.000
18579.908	0.000
18587.908	0.000
18595.908	0.000
18603.908	0.000
18611.909	0.000
18619.909	0.000
18627.909	0.000
18635.909	0.000
18643.909	0.000
18651.909	0.000
18659.910	0.000
18667.910	0.000
18675.910	0.000
18683.910	0.000
18691.910	0.000
18699.910	0.000
18707.911	0.000
18715.911	0.000
18723.911	0.000
18731.911	0.000
18739.911	0.000
18747.911	0.000
18755.912	0.000
18763.912	0.000
18771.912	0.000
18779.912	0.000
18787.912	0.000
18795.912	0.000
18803.913	0.000
18811.913	0.000
18819.913	0.000
18827.913	0.000
18835.913	0.000
18843.913	0.000
18851.914	0.000
18859.914	0.000
18867.914	0.000
18875.914	0.000
18883.914	0.000
18891.914	0.000
18899.915	0.000
18907.915	0.000
18915.915	0.000
18923.915	0.000
18931.915	0.000
18939.915	0.000
18947.916	0.000
18955.916	0.000
18963.916	0.000
18971.916	0.000
18979.916	0.000
18987.916	0.000
18995.917	0.000
19003.917	0.000
19011.917	0.000
19019.917	0.000
19027.917	0.000
19035.917	0.000
19043.918	0.000
19051.918	0.000
19059.918	0.000
19067.918	0.000
19075.918	0.000
19083.918	0.000
19091.919	0.000
19099.919	0.000
19107.919	0.000
19115.919	0.000
19123.919	0.000
19131.919	0.000
19139.920	0.000
19147.920	0.000
19155.920	0.000
19163.920	0.000
19171.920	0.000
19179.920	0.000
19187.921	0.000
19195.921	0.000
19203.921	0.000
19211.921	0.000
19219.921	0.000
19227.921	0.000
19235.922	0.000
19243.922	0.000
19251.922	0.000
19259.922	0.000
19267.922	0.000
19275.922	0.000
19283.923	0.000
19291.923	0.000
19299.923	0.000
19307.923	0.000
19315.923	0.000
19323.923	0.000
19331.924	0.000
19339.924	0.000
19347.924	0.000
19355.924	0.000
19363.924	0.000
19371.924	0.000
19379.925	0.000
19387.925	0.000
19395.925	0.000
19403.925	0.000
19411.925	0.000
19419.925	0.000
19427.926	0.000
19435.926	0.000
19443.926	0.000
19451.926	0.000
19459.926	0.000
19467.926	0.000
19475.927	0.000
19483.927	0.000
19491.927	0.000
19499.927	0.000
19507.927	0.000
19515.927	0.000
19523.928	0.000
19531.928	0.000
19539.928	0.000
19547.928	0.000
19555.928	0.000
19563.928	0.000
19571.929	0.000
19579.929	0.000
19587.929	0.000
19595.929	0.000
19603.929	0.000
19611.929	0.000
19619.930	0.000
19627.930	0.000
19635.930	0.000
19643.930	0.000
19651.930	0.000
19659.930	0.000
19667.931	0.000
19675.931	0.000
19683.931	0.000
19691.931	0.000
19699.931	0.000
19707.931	0.000
19715.932	0.000
19723.932	0.000
19731.932	0.000
19739.932	0.000
19747.932	0.000
19755.932	0.000
19763.933	0.000
19771.933	0.000
19779.933	0.000
19787.933	0.000
19795.933	0.000
19803.933	0.000
19811.934	0.000
19819.934	0.000
19827.934	0.000
19835.934	0.000
19843.934	0.000
19851.934	0.000
19859.935	0.000
19867.935	0.000
19875.935	0.000
19883.935	0.000
19891.935	0.000
19899.935	0.000
19907.936	0.000
19915.936	0.000
19923.936	0.000
19931.936	0.000
19939.936	0.000
19947.936	0.000
19955.937	0.000
19963.937	0.000
19971.937	0.000
19979.937	0.000
19987.937	0.000
19995.937	0.000
20003.938	0.000
20011.938	0.000
20019.938	0.000
20027.938	0.000
20035.938	0.000
20043.938	0.000
20051.939	0.000
20059.939	0.000
20067.939	0.000
20075.939	0.000
20083.939	0.000
20091.939	0.000
20099.940	0.000
20107.940	0.000
20115.940	0.000
20123.940	0.000
20131.940	0.000
20139.940	0.000
20147.941	0.000
20155.941	0.000
20163.941	0.000
20171.941	0.000
20179.941	0.000
20187.941	0.000
20195.942	0.000
20203.942	0.000
20211.942	0.000
20219.942	0.000
20227.942	0.000
20235.942	0.000
20243.943	0.000
20251.943	0.000
20259.943	0.000
20267.943	0.000
20275.943	0.000
20283.943	0.000
20291.944	0.000
20299.944	0.000
20307.944	0.000
20315.944	0.000
20323.944	0.000
20331.944	0.000
20339.945	0.000
20347.945	0.000
20355.945	0.000
20363.945	0.000
20371.945	0.000
20379.945	0.000
20387.946	0.000
20395.946	0.000
20403.946	0.000
20411.946	0.000
20419.946	0.000
20427.946	0.000
20435.947	0.000
20443.947	0.000
20451.947	0.000
20459.947	0.000
20467.947	0.000
20475.947	0.000
20483.948	0.000
20491.948	0.000
20499.948	0.000
20507.948	0.000
20515.948	0.000
20523.948	0.000
20531.949	0.000
20539.949	0.000
20547.949	0.000
20555.949	0.000
20563.949	0.000
20571.949	0.000
20579.950	0.000
20587.950	0.000
20595.950	0.000
20603.950	0.000
20611.950	0.000
20619.950	0.000
20627.951	0.000
20635.951	0.000
20643.951	0.000
20651.951	0.000
20659.951	0.000
20667.951	0.000
20675.952	0.000
20683.952	0.000
20691.952	0.000
20699.952	0.000
20707.952	0.000
20715.952	0.000
20723.953	0.000
20731.953	0.000
20739.953	0.000
20747.953	0.000
20755.953	0.000
20763.953	0.000
20771.954	0.000
20779.954	0.000
20787.954	0.000
20795.954	0.000
20803.954	0.000
20811.954	0.000
20819.955	0.000
20827.955	0.000
20835.955	0.000
20843.955	0.000
20851.955	0.000
20859.955	0.000
20867.956	0.000
20875.956	0.000
20883.956	0.000
20891.956	0.000
20899.956	0.000
20907.956	0.000
20915.957	0.000
20923.957	0.000
20931.957	0.000
20939.957	0.000
20947.957	0.000
20955.957	0.000
20963.958	0.000
20971.958	0.000
20979.958	0.000
20987.958	0.000
20995.958	0.000
21003.958	0.000
21011.959	0.000
21019.959	0.000
21027.959	0.000
21035.959	0.000
21043.959	0.000
21051.959	0.000
21059.960	0.000
21067.960	0.000
21075.960	0.000
21083.960	0.000
21091.960	0.000
21099.960	0.000
21107.961	0.000
21115.961	0.000
21123.961	0.000
21131.961	0.000
21139.961	0.000
21147.961	0.000
21155.962	0.000
21163.962	0.000
21171.962	0.000
21179.962	0.000
21187.962	0.000
21195.962	0.000
21203.963	0.000
21211.963	0.000
21219.963	0.000
21227.963	0.000
21235.963	0.000
21243.963	0.000
21251.964	0.000
21259.964	0.000
21267.964	0.000
21275.964	0.000
21283.964	0.000
21291.964	0.000
21299.965	0.000
21307.965	0.000
21315.965	0.000
21323.965	0.000
21331.965	0.000
21339.965	0.000
21347.966	0.000
21355.966	0.000
21363.966	0.000
21371.966	0.000
21379.966	0.000
21387.966	0.000
21395.967	0.000
21403.967	0.000
21411.967	0.000
21419.967	0.000
21427.967	0.000
21435.967	0.000
21443.968	0.000
21451.968	0.000
21459.968	0.000
21467.968	0.000
21475.968	0.000
21483.968	0.000
21491.969	0.000
21499.969	0.000
21507.969	0.000
21515.969	0.000
21523.969	0.000
21531.969	0.000
21539.970	0.000
21547.970	0.000
21555.970	0.000
21563.970	0.000
21571.970	0.000
21579.970	0.000
21587.971	0.000
21595.971	0.000
21603.971	0.000
21611.971	0.000
21619.971	0.000
21627.971	0.000
21635.972	0.000
21643.972	0.000
21651.972	0.000
21659.972	0.000
21667.972	0.000
21675.972	0.000
21683.973	0.000
21691.973	0.000
21699.973	0.000
21707.973	0.000
21715.973	0.000
21723.973	0.000
21731.974	0.000
21739.974	0.000
21747.974	0.000
21755.974	0.000
21763.974	0.000
21771.974	0.000
21779.975	0.000
21787.975	0.000
21795.975	0.000
21803.975	0.000
21811.975	0.000
21819.975	0.000
21827.976	0.000
21835.976	0.000
21843.976	0.000
21851.976	0.000
21859.976	0.000
21867.976	0.000
21875.977	0.000
21883.977	0.000
21891.977	0.000
21899.977	0.000
21907.977	0.000
21915.977	0.000
21923.978	0.000
21931.978	0.000
21939.978	0.000
21947.978	0.000
21955.978	0.000
21963.978	0.000
21971.979	0.000
21979.979	0.000
21987.979	0.000
21995.979	0.000
22003.979	0.000
22011.979	0.000
22019.980	0.000
22027.980	0.000
22035.980	0.000
22043.980	0.000
22051.980	0.000
22059.980	0.000
22067.981	0.000
22075.981	0.000
22083.981	0.000
22091.981	0.000
22099.981	0.000
22107.981	0.000
22115.982	0.000
22123.982	0.000
22131.982	0.000
22139.982	0.000
22147.982	0.000
22155.982	0.000
22163.983	0.000
22171.983	0.000
22179.983	0.000
22187.983	0.000
22195.983	0.000
22203.983	0.000
22211.984	0.000
22219.984	0.000
22227.984	0.000
22235.984	0.000
22243.984	0.000
22251.984	0.000
22259.985	0.000
22267.985	0.000
22275.985	0.000
22283.985	0.000
22291.985	0.000
22299.985	0.000
22307.986	0.000
22315.986	0.000
22323.986	0.000
22331.986	0.000
22339.986	0.000
22347.986	0.000
22355.987	0.000
22363.987	0.000
22371.987	0.000
22379.987	0.000
22387.987	0.000
22395.987	0.000
22403.988	0.000
22411.988	0.000
22419.988	0.000
22427.988	0.000
22435.988	0.000
22443.988	0.000
22451.989	0.000
22459.989	0.000
22467.989	0.000
22475.989	0.000
22483.989	0.000
22491.989	0.000
22499.990	0.000
22507.990	0.000
22515.990	0.000
22523.990	0.000
22531.990	0.000
22539.990	0.000
22547.991	0.000
22555.991	0.000
22563.991	0.000
22571.991	0.000
22579.991	0.000
22587.991	0.000
22595.992	0.000
22603.992	0.000
22611.992	0.000
22619.992	0.000
22627.992	0.000
22635.992	0.000
22643.993	0.000
22651.993	0.000
22659.993	0.000
22667.993	0.000
22675.993	0.000
22683.993	0.000
22691.994	0.000
22699.994	0.000
22707.994	0.000
22715.994	0.000
22723.994	0.000
22731.994	0.000
22739.995	0.000
22747.995	0.000
22755.995	0.000
22763.995	0.000
22771.995	0.000
22779.995	0.000
22787.996	0.000
22795.996	0.000
22803.996	0.000
22811.996	0.000
22819.996	0.000
22827.996	0.000
22835.997	0.000
22843.997	0.000
22851.997	0.000
22859.997	0.000
22867.997	0.000
22875.997	0.000
22883.998	0.000
22891.998	0.000
22899.998	0.000
22907.998	0.000
22915.998	0.000
22923.998	0.000
22931.999	0.000
22939.999	0.000
22947.999	0.000
22955.999	0.000
22963.999	0.000
22971.999	0.000
22980.000	0.000
22988.000	0.000
22996.000	0.000
