-996.500	1.000
-988.500	2.000
-980.500	1.000
-972.499	1.000
-964.499	0.000
-956.499	0.000
-948.499	0.000
-940.499	1.000
-932.499	0.000
-924.498	0.000
-916.498	0.000
-908.498	1.000
-900.498	4.000
-892.498	3.000
-884.498	2.000
-876.497	3.000
-868.497	2.000
-860.497	2.000
-852.497	2.000
-844.497	1.000
-836.497	3.000
-828.496	1.000
-820.496	4.000
-812.496	3.000
-804.496	2.000
-796.496	2.000
-788.496	3.000
-780.495	4.000
-772.495	5.000
-764.495	2.000
-756.495	4.000
-748.495	7.000
-740.495	5.000
-732.494	1.000
-724.494	10.000
-716.494	3.000
-708.494	4.000
-700.494	7.000
-692.494	6.000
-684.493	8.000
-676.493	10.000
-668.493	16.000
-660.493	12.000
-652.493	13.000
-644.493	12.000
-636.492	9.000
-628.492	14.000
-620.492	8.000
-612.492	13.000
-604.492	16.000
-596.492	23.000
-588.491	22.000
-580.491	17.000
-572.491	20.000
-564.491	22.000
-556.491	25.000
-548.491	30.000
-540.490	36.000
-532.490	26.000
-524.490	32.000
-516.490	33.000
-508.490	46.000
-500.490	37.000
-492.489	56.000
-484.489	43.000
-476.489	57.000
-468.489	54.000
-460.489	64.000
-452.489	62.000
-444.488	82.000
-436.488	71.000
-428.488	98.000
-420.488	79.000
-412.488	86.000
-404.488	121.000
-396.487	116.000
-388.487	129.000
-380.487	130.000
-372.487	139.000
-364.487	160.000
-356.487	186.000
-348.486	150.000
-340.486	157.000
-332.486	197.000
-324.486	184.000
-316.486	217.000
-308.486	243.000
-300.485	223.000
-292.485	219.000
-284.485	277.000
-276.485	238.000
-268.485	267.000
-260.485	277.000
-252.484	291.000
-244.484	284.000
-236.484	278.000
-228.484	336.000
-220.484	301.000
-212.484	349.000
-204.483	298.000
-196.483	334.000
-188.483	387.000
-180.483	364.000
-172.483	364.000
-164.483	355.000
-156.482	380.000
-148.482	372.000
-140.482	385.000
-132.482	376.000
-124.482	370.000
-116.482	365.000
-108.481	360.000
-100.481	369.000
-92.481	368.000
-84.481	398.000
-76.481	368.000
-68.481	366.000
-60.480	363.000
-52.480	350.000
-44.480	372.000
-36.480	360.000
-28.480	333.000
-20.480	338.000
-12.479	320.000
-4.479	315.000
3.521	340.000
11.521	307.000
19.521	307.000
27.521	283.000
35.522	281.000
43.522	311.000
51.522	240.000
59.522	253.000
67.522	288.000
75.522	234.000
83.523	209.000
91.523	236.000
99.523	206.000
107.523	227.000
115.523	200.000
123.523	241.000
131.524	220.000
139.524	203.000
147.524	222.000
155.524	229.000
163.524	171.000
171.524	197.000
179.525	216.000
187.525	186.000
195.525	167.000
203.525	192.000
211.525	197.000
219.525	195.000
227.526	197.000
235.526	200.000
243.526	193.000
251.526	202.000
259.526	191.000
267.526	202.000
275.527	227.000
283.527	208.000
291.527	228.000
299.527	229.000
307.527	218.000
315.527	215.000
323.528	235.000
331.528	235.000
339.528	248.000
347.528	260.000
355.528	243.000
363.528	269.000
371.529	225.000
379.529	274.000
387.529	278.000
395.529	276.000
403.529	313.000
411.529	283.000
419.530	296.000
427.530	323.000
435.530	339.000
443.530	305.000
451.530	303.000
459.530	335.000
467.531	405.000
475.531	357.000
483.531	413.000
491.531	366.000
499.531	400.000
507.531	392.000
515.532	397.000
523.532	495.000
531.532	451.000
539.532	448.000
547.532	482.000
555.532	468.000
563.533	467.000
571.533	523.000
579.533	547.000
587.533	555.000
595.533	591.000
603.533	600.000
611.534	616.000
619.534	662.000
627.534	645.000
635.534	654.000
643.534	624.000
651.534	720.000
659.535	697.000
667.535	751.000
675.535	688.000
683.535	719.000
691.535	807.000
699.535	718.000
707.536	751.000
715.536	758.000
723.536	784.000
731.536	811.000
739.536	766.000
747.536	795.000
755.537	817.000
763.537	862.000
771.537	765.000
779.537	792.000
787.537	806.000
795.537	818.000
803.538	830.000
811.538	808.000
819.538	813.000
827.538	777.000
835.538	793.000
843.538	779.000
851.539	763.000
859.539	717.000
867.539	768.000
875.539	742.000
883.539	692.000
891.539	711.000
899.540	715.000
907.540	664.000
915.540	724.000
923.540	656.000
931.540	630.000
939.540	678.000
947.541	620.000
955.541	621.000
963.541	628.000
971.541	579.000
979.541	567.000
987.541	574.000
995.542	544.000
1003.542	524.000
1011.542	544.000
1019.542	543.000
1027.542	482.000
1035.542	475.000
1043.543	468.000
1051.543	488.000
1059.543	481.000
1067.543	461.000
1075.543	467.000
1083.543	460.000
1091.544	431.000
1099.544	435.000
1107.544	445.000
1115.544	433.000
1123.544	505.000
1131.544	457.000
1139.545	437.000
1147.545	405.000
1155.545	459.000
1163.545	439.000
1171.545	436.000
1179.545	414.000
1187.546	448.000
1195.546	460.000
1203.546	458.000
1211.546	439.000
1219.546	452.000
1227.546	447.000
1235.547	472.000
1243.547	483.000
1251.547	459.000
1259.547	488.000
1267.547	481.000
1275.547	496.000
1283.548	495.000
1291.548	483.000
1299.548	521.000
1307.548	550.000
1315.548	542.000
1323.548	556.000
1331.549	550.000
1339.549	553.000
1347.549	552.000
1355.549	577.000
1363.549	599.000
1371.549	601.000
1379.550	600.000
1387.550	631.000
1395.550	623.000
1403.550	637.000
1411.550	617.000
1419.550	688.000
1427.551	659.000
1435.551	699.000
1443.551	744.000
1451.551	749.000
1459.551	793.000
1467.551	757.000
1475.552	712.000
1483.552	828.000
1491.552	754.000
1499.552	766.000
1507.552	809.000
1515.552	846.000
1523.553	843.000
1531.553	850.000
1539.553	846.000
1547.553	876.000
1555.553	856.000
1563.553	885.000
1571.554	875.000
1579.554	949.000
1587.554	957.000
1595.554	948.000
1603.554	979.000
1611.554	980.000
1619.555	937.000
1627.555	1000.000
1635.555	998.000
1643.555	987.000
1651.555	995.000
1659.555	1033.000
1667.556	953.000
1675.556	1013.000
1683.556	997.000
1691.556	946.000
1699.556	1020.000
1707.556	983.000
1715.557	940.000
1723.557	946.000
1731.557	969.000
1739.557	951.000
1747.557	923.000
1755.557	908.000
1763.558	877.000
1771.558	915.000
1779.558	895.000
1787.558	934.000
1795.558	815.000
1803.558	896.000
1811.559	804.000
1819.559	821.000
1827.559	792.000
1835.559	817.000
1843.559	708.000
1851.559	733.000
1859.560	761.000
1867.560	765.000
1875.560	710.000
1883.560	716.000
1891.560	695.000
1899.560	712.000
1907.561	672.000
1915.561	671.000
1923.561	613.000
1931.561	676.000
1939.561	616.000
1947.561	637.000
1955.562	578.000
1963.562	610.000
1971.562	601.000
1979.562	561.000
1987.562	617.000
1995.562	580.000
2003.563	572.000
2011.563	587.000
2019.563	608.000
2027.563	533.000
2035.563	570.000
2043.563	545.000
2051.564	573.000
2059.564	544.000
2067.564	532.000
2075.564	557.000
2083.564	546.000
2091.564	541.000
2099.565	561.000
2107.565	549.000
2115.565	548.000
2123.565	518.000
2131.565	546.000
2139.565	589.000
2147.566	579.000
2155.566	605.000
2163.566	578.000
2171.566	599.000
2179.566	558.000
2187.566	583.000
2195.567	662.000
2203.567	612.000
2211.567	594.000
2219.567	587.000
2227.567	640.000
2235.567	631.000
2243.568	660.000
2251.568	609.000
2259.568	612.000
2267.568	630.000
2275.568	684.000
2283.568	670.000
2291.569	687.000
2299.569	689.000
2307.569	665.000
2315.569	678.000
2323.569	685.000
2331.569	709.000
2339.570	709.000
2347.570	713.000
2355.570	712.000
2363.570	732.000
2371.570	777.000
2379.570	757.000
2387.571	783.000
2395.571	774.000
2403.571	775.000
2411.571	843.000
2419.571	859.000
2427.571	858.000
2435.572	856.000
2443.572	864.000
2451.572	855.000
2459.572	853.000
2467.572	928.000
2475.572	863.000
2483.573	865.000
2491.573	878.000
2499.573	861.000
2507.573	878.000
2515.573	883.000
2523.573	934.000
2531.574	955.000
2539.574	939.000
2547.574	927.000
2555.574	938.000
2563.574	899.000
2571.574	979.000
2579.575	924.000
2587.575	919.000
2595.575	926.000
2603.575	897.000
2611.575	901.000
2619.575	892.000
2627.576	920.000
2635.576	866.000
2643.576	869.000
2651.576	878.000
2659.576	860.000
2667.576	855.000
2675.577	833.000
2683.577	852.000
2691.577	828.000
2699.577	850.000
2707.577	775.000
2715.577	785.000
2723.578	776.000
2731.578	729.000
2739.578	736.000
2747.578	752.000
2755.578	688.000
2763.578	686.000
2771.579	704.000
2779.579	688.000
2787.579	649.000
2795.579	653.000
2803.579	647.000
2811.579	645.000
2819.580	640.000
2827.580	615.000
2835.580	620.000
2843.580	604.000
2851.580	586.000
2859.580	554.000
2867.581	545.000
2875.581	548.000
2883.581	541.000
2891.581	511.000
2899.581	538.000
2907.581	518.000
2915.582	553.000
2923.582	537.000
2931.582	474.000
2939.582	487.000
2947.582	502.000
2955.582	518.000
2963.583	519.000
2971.583	524.000
2979.583	511.000
2987.583	510.000
2995.583	476.000
3003.583	471.000
3011.584	497.000
3019.584	515.000
3027.584	544.000
3035.584	508.000
3043.584	499.000
3051.584	519.000
3059.585	549.000
3067.585	489.000
3075.585	552.000
3083.585	505.000
3091.585	553.000
3099.585	544.000
3107.586	556.000
3115.586	571.000
3123.586	555.000
3131.586	571.000
3139.586	560.000
3147.586	526.000
3155.587	552.000
3163.587	548.000
3171.587	552.000
3179.587	562.000
3187.587	570.000
3195.587	574.000
3203.588	582.000
3211.588	571.000
3219.588	591.000
3227.588	618.000
3235.588	628.000
3243.588	628.000
3251.589	632.000
3259.589	622.000
3267.589	700.000
3275.589	623.000
3283.589	631.000
3291.589	677.000
3299.590	706.000
3307.590	678.000
3315.590	726.000
3323.590	698.000
3331.590	698.000
3339.590	748.000
3347.591	747.000
3355.591	738.000
3363.591	726.000
3371.591	827.000
3379.591	804.000
3387.591	764.000
3395.592	753.000
3403.592	812.000
3411.592	713.000
3419.592	776.000
3427.592	824.000
3435.592	807.000
3443.593	780.000
3451.593	792.000
3459.593	803.000
3467.593	825.000
3475.593	805.000
3483.593	789.000
3491.594	800.000
3499.594	761.000
3507.594	834.000
3515.594	777.000
3523.594	794.000
3531.594	784.000
3539.595	816.000
3547.595	767.000
3555.595	814.000
3563.595	749.000
3571.595	711.000
3579.595	752.000
3587.596	737.000
3595.596	777.000
3603.596	719.000
3611.596	714.000
3619.596	667.000
3627.596	702.000
3635.597	636.000
3643.597	653.000
3651.597	640.000
3659.597	621.000
3667.597	650.000
3675.597	651.000
3683.598	606.000
3691.598	597.000
3699.598	579.000
3707.598	582.000
3715.598	584.000
3723.598	589.000
3731.599	535.000
3739.599	538.000
3747.599	518.000
3755.599	520.000
3763.599	519.000
3771.599	459.000
3779.600	521.000
3787.600	506.000
3795.600	484.000
3803.600	445.000
3811.600	472.000
3819.600	452.000
3827.601	463.000
3835.601	475.000
3843.601	464.000
3851.601	438.000
3859.601	439.000
3867.601	462.000
3875.602	449.000
3883.602	455.000
3891.602	447.000
3899.602	435.000
3907.602	425.000
3915.602	476.000
3923.603	480.000
3931.603	455.000
3939.603	443.000
3947.603	427.000
3955.603	430.000
3963.603	475.000
3971.604	480.000
3979.604	433.000
3987.604	476.000
3995.604	460.000
4003.604	464.000
4011.604	477.000
4019.605	479.000
4027.605	447.000
4035.605	462.000
4043.605	494.000
4051.605	518.000
4059.605	505.000
4067.606	506.000
4075.606	525.000
4083.606	451.000
4091.606	537.000
4099.606	517.000
4107.606	541.000
4115.607	550.000
4123.607	570.000
4131.607	525.000
4139.607	533.000
4147.607	565.000
4155.607	529.000
4163.608	572.000
4171.608	524.000
4179.608	578.000
4187.608	579.000
4195.608	607.000
4203.608	607.000
4211.609	646.000
4219.609	658.000
4227.609	638.000
4235.609	660.000
4243.609	700.000
4251.609	670.000
4259.610	664.000
4267.610	662.000
4275.610	703.000
4283.610	656.000
4291.610	718.000
4299.610	719.000
4307.611	724.000
4315.611	686.000
4323.611	671.000
4331.611	737.000
4339.611	728.000
4347.611	728.000
4355.612	727.000
4363.612	745.000
4371.612	723.000
4379.612	755.000
4387.612	720.000
4395.612	757.000
4403.613	772.000
4411.613	741.000
4419.613	758.000
4427.613	714.000
4435.613	746.000
4443.613	705.000
4451.614	685.000
4459.614	731.000
4467.614	694.000
4475.614	750.000
4483.614	707.000
4491.614	698.000
4499.615	723.000
4507.615	696.000
4515.615	686.000
4523.615	656.000
4531.615	590.000
4539.615	665.000
4547.616	646.000
4555.616	614.000
4563.616	611.000
4571.616	625.000
4579.616	660.000
4587.616	612.000
4595.617	611.000
4603.617	572.000
4611.617	549.000
4619.617	529.000
4627.617	524.000
4635.617	535.000
4643.618	478.000
4651.618	585.000
4659.618	481.000
4667.618	529.000
4675.618	502.000
4683.618	480.000
4691.619	481.000
4699.619	470.000
4707.619	454.000
4715.619	438.000
4723.619	442.000
4731.619	469.000
4739.620	455.000
4747.620	455.000
4755.620	466.000
4763.620	415.000
4771.620	453.000
4779.620	432.000
4787.621	416.000
4795.621	448.000
4803.621	448.000
4811.621	423.000
4819.621	437.000
4827.621	407.000
4835.622	439.000
4843.622	458.000
4851.622	416.000
4859.622	420.000
4867.622	406.000
4875.622	405.000
4883.623	455.000
4891.623	451.000
4899.623	398.000
4907.623	486.000
4915.623	440.000
4923.623	454.000
4931.624	465.000
4939.624	468.000
4947.624	484.000
4955.624	463.000
4963.624	484.000
4971.624	493.000
4979.625	473.000
4987.625	513.000
4995.625	509.000
5003.625	497.000
5011.625	517.000
5019.625	501.000
5027.626	521.000
5035.626	537.000
5043.626	513.000
5051.626	496.000
5059.626	566.000
5067.626	579.000
5075.627	615.000
5083.627	547.000
5091.627	583.000
5099.627	562.000
5107.627	610.000
5115.627	585.000
5123.628	647.000
5131.628	587.000
5139.628	661.000
5147.628	673.000
5155.628	682.000
5163.628	615.000
5171.629	751.000
5179.629	723.000
5187.629	702.000
5195.629	695.000
5203.629	722.000
5211.629	721.000
5219.630	800.000
5227.630	756.000
5235.630	704.000
5243.630	752.000
5251.630	752.000
5259.630	770.000
5267.631	813.000
5275.631	754.000
5283.631	776.000
5291.631	796.000
5299.631	815.000
5307.631	765.000
5315.632	756.000
5323.632	814.000
5331.632	800.000
5339.632	771.000
5347.632	736.000
5355.632	765.000
5363.633	799.000
5371.633	800.000
5379.633	768.000
5387.633	772.000
5395.633	806.000
5403.633	742.000
5411.634	755.000
5419.634	743.000
5427.634	708.000
5435.634	708.000
5443.634	679.000
5451.634	696.000
5459.635	749.000
5467.635	707.000
5475.635	718.000
5483.635	618.000
5491.635	648.000
5499.635	612.000
5507.636	644.000
5515.636	587.000
5523.636	611.000
5531.636	587.000
5539.636	569.000
5547.636	562.000
5555.637	562.000
5563.637	555.000
5571.637	549.000
5579.637	550.000
5587.637	542.000
5595.637	545.000
5603.638	502.000
5611.638	546.000
5619.638	533.000
5627.638	466.000
5635.638	488.000
5643.638	522.000
5651.639	470.000
5659.639	470.000
5667.639	489.000
5675.639	453.000
5683.639	457.000
5691.639	463.000
5699.640	446.000
5707.640	470.000
5715.640	466.000
5723.640	449.000
5731.640	409.000
5739.640	448.000
5747.641	471.000
5755.641	461.000
5763.641	471.000
5771.641	456.000
5779.641	514.000
5787.641	490.000
5795.642	472.000
5803.642	463.000
5811.642	477.000
5819.642	487.000
5827.642	511.000
5835.642	476.000
5843.643	494.000
5851.643	517.000
5859.643	497.000
5867.643	468.000
5875.643	483.000
5883.643	514.000
5891.644	504.000
5899.644	543.000
5907.644	562.000
5915.644	515.000
5923.644	585.000
5931.644	526.000
5939.645	583.000
5947.645	573.000
5955.645	558.000
5963.645	549.000
5971.645	607.000
5979.645	632.000
5987.646	610.000
5995.646	661.000
6003.646	673.000
6011.646	653.000
6019.646	666.000
6027.646	662.000
6035.647	684.000
6043.647	672.000
6051.647	692.000
6059.647	739.000
6067.647	723.000
6075.647	765.000
6083.648	792.000
6091.648	777.000
6099.648	756.000
6107.648	743.000
6115.648	740.000
6123.648	809.000
6131.649	786.000
6139.649	846.000
6147.649	796.000
6155.649	808.000
6163.649	856.000
6171.649	917.000
6179.650	921.000
6187.650	804.000
6195.650	856.000
6203.650	868.000
6211.650	868.000
6219.650	886.000
6227.651	938.000
6235.651	891.000
6243.651	903.000
6251.651	841.000
6259.651	818.000
6267.651	882.000
6275.652	849.000
6283.652	861.000
6291.652	887.000
6299.652	825.000
6307.652	865.000
6315.652	824.000
6323.653	855.000
6331.653	818.000
6339.653	827.000
6347.653	792.000
6355.653	762.000
6363.653	758.000
6371.654	770.000
6379.654	710.000
6387.654	767.000
6395.654	765.000
6403.654	687.000
6411.654	681.000
6419.655	682.000
6427.655	680.000
6435.655	683.000
6443.655	676.000
6451.655	651.000
6459.655	626.000
6467.656	579.000
6475.656	573.000
6483.656	670.000
6491.656	581.000
6499.656	562.000
6507.656	599.000
6515.657	563.000
6523.657	535.000
6531.657	518.000
6539.657	542.000
6547.657	552.000
6555.657	519.000
6563.658	559.000
6571.658	527.000
6579.658	547.000
6587.658	509.000
6595.658	523.000
6603.658	523.000
6611.659	558.000
6619.659	494.000
6627.659	498.000
6635.659	541.000
6643.659	516.000
6651.659	524.000
6659.660	473.000
6667.660	566.000
6675.660	472.000
6683.660	523.000
6691.660	530.000
6699.660	496.000
6707.661	520.000
6715.661	520.000
6723.661	534.000
6731.661	511.000
6739.661	501.000
6747.661	545.000
6755.662	520.000
6763.662	528.000
6771.662	523.000
6779.662	565.000
6787.662	539.000
6795.662	588.000
6803.663	563.000
6811.663	498.000
6819.663	577.000
6827.663	601.000
6835.663	569.000
6843.663	611.000
6851.664	600.000
6859.664	630.000
6867.664	638.000
6875.664	630.000
6883.664	672.000
6891.664	602.000
6899.665	680.000
6907.665	680.000
6915.665	708.000
6923.665	711.000
6931.665	708.000
6939.665	743.000
6947.666	732.000
6955.666	700.000
6963.666	697.000
6971.666	754.000
6979.666	765.000
6987.666	774.000
6995.667	807.000
7003.667	820.000
7011.667	784.000
7019.667	882.000
7027.667	802.000
7035.667	880.000
7043.668	880.000
7051.668	871.000
7059.668	856.000
7067.668	880.000
7075.668	895.000
7083.668	868.000
7091.669	938.000
7099.669	908.000
7107.669	914.000
7115.669	921.000
7123.669	942.000
7131.669	991.000
7139.670	949.000
7147.670	919.000
7155.670	949.000
7163.670	956.000
7171.670	875.000
7179.670	951.000
7187.671	949.000
7195.671	893.000
7203.671	957.000
7211.671	938.000
7219.671	931.000
7227.671	898.000
7235.672	912.000
7243.672	887.000
7251.672	903.000
7259.672	841.000
7267.672	829.000
7275.672	813.000
7283.673	798.000
7291.673	778.000
7299.673	797.000
7307.673	801.000
7315.673	863.000
7323.673	797.000
7331.674	753.000
7339.674	797.000
7347.674	734.000
7355.674	702.000
7363.674	663.000
7371.674	708.000
7379.675	677.000
7387.675	664.000
7395.675	685.000
7403.675	632.000
7411.675	662.000
7419.675	661.000
7427.676	607.000
7435.676	604.000
7443.676	605.000
7451.676	597.000
7459.676	560.000
7467.676	560.000
7475.677	638.000
7483.677	573.000
7491.677	580.000
7499.677	568.000
7507.677	555.000
7515.677	544.000
7523.678	553.000
7531.678	528.000
7539.678	589.000
7547.678	554.000
7555.678	531.000
7563.678	514.000
7571.679	529.000
7579.679	522.000
7587.679	541.000
7595.679	542.000
7603.679	517.000
7611.679	550.000
7619.680	551.000
7627.680	515.000
7635.680	569.000
7643.680	601.000
7651.680	564.000
7659.680	570.000
7667.681	588.000
7675.681	559.000
7683.681	593.000
7691.681	633.000
7699.681	609.000
7707.681	574.000
7715.682	598.000
7723.682	589.000
7731.682	582.000
7739.682	616.000
7747.682	609.000
7755.682	575.000
7763.683	632.000
7771.683	633.000
7779.683	632.000
7787.683	665.000
7795.683	700.000
7803.683	711.000
7811.684	682.000
7819.684	702.000
7827.684	680.000
7835.684	656.000
7843.684	723.000
7851.684	754.000
7859.685	711.000
7867.685	764.000
7875.685	756.000
7883.685	731.000
7891.685	783.000
7899.685	751.000
7907.686	757.000
7915.686	792.000
7923.686	807.000
7931.686	826.000
7939.686	857.000
7947.686	875.000
7955.687	856.000
7963.687	848.000
7971.687	858.000
7979.687	908.000
7987.687	915.000
7995.687	976.000
8003.688	893.000
8011.688	928.000
8019.688	928.000
8027.688	862.000
8035.688	920.000
8043.688	904.000
8051.689	944.000
8059.689	917.000
8067.689	902.000
8075.689	939.000
8083.689	923.000
8091.689	940.000
8099.690	965.000
8107.690	959.000
8115.690	956.000
8123.690	943.000
8131.690	903.000
8139.690	894.000
8147.691	935.000
8155.691	888.000
8163.691	926.000
8171.691	850.000
8179.691	890.000
8187.691	864.000
8195.692	881.000
8203.692	858.000
8211.692	876.000
8219.692	812.000
8227.692	803.000
8235.692	810.000
8243.693	770.000
8251.693	801.000
8259.693	752.000
8267.693	731.000
8275.693	706.000
8283.693	710.000
8291.694	646.000
8299.694	700.000
8307.694	654.000
8315.694	702.000
8323.694	669.000
8331.694	636.000
8339.695	655.000
8347.695	647.000
8355.695	657.000
8363.695	606.000
8371.695	575.000
8379.695	605.000
8387.696	590.000
8395.696	641.000
8403.696	559.000
8411.696	554.000
8419.696	572.000
8427.696	559.000
8435.697	590.000
8443.697	571.000
8451.697	593.000
8459.697	563.000
8467.697	596.000
8475.697	533.000
8483.698	580.000
8491.698	537.000
8499.698	534.000
8507.698	555.000
8515.698	539.000
8523.698	514.000
8531.699	526.000
8539.699	565.000
8547.699	556.000
8555.699	506.000
8563.699	521.000
8571.699	553.000
8579.700	572.000
8587.700	541.000
8595.700	551.000
8603.700	528.000
8611.700	564.000
8619.700	568.000
8627.701	575.000
8635.701	598.000
8643.701	572.000
8651.701	581.000
8659.701	637.000
8667.701	639.000
8675.702	538.000
8683.702	581.000
8691.702	606.000
8699.702	630.000
8707.702	584.000
8715.702	648.000
8723.703	635.000
8731.703	651.000
8739.703	686.000
8747.703	632.000
8755.703	715.000
8763.703	676.000
8771.704	675.000
8779.704	689.000
8787.704	767.000
8795.704	725.000
8803.704	719.000
8811.704	750.000
8819.705	732.000
8827.705	731.000
8835.705	733.000
8843.705	792.000
8851.705	760.000
8859.705	749.000
8867.706	742.000
8875.706	817.000
8883.706	833.000
8891.706	831.000
8899.706	838.000
8907.706	870.000
8915.707	841.000
8923.707	856.000
8931.707	854.000
8939.707	880.000
8947.707	870.000
8955.707	909.000
8963.708	879.000
8971.708	854.000
8979.708	883.000
8987.708	826.000
8995.708	910.000
9003.708	883.000
9011.709	934.000
9019.709	894.000
9027.709	914.000
9035.709	898.000
9043.709	896.000
9051.709	929.000
9059.710	892.000
9067.710	852.000
9075.710	925.000
9083.710	847.000
9091.710	846.000
9099.710	871.000
9107.711	855.000
9115.711	819.000
9123.711	838.000
9131.711	809.000
9139.711	798.000
9147.711	784.000
9155.712	809.000
9163.712	760.000
9171.712	788.000
9179.712	701.000
9187.712	712.000
9195.712	691.000
9203.713	726.000
9211.713	681.000
9219.713	655.000
9227.713	686.000
9235.713	669.000
9243.713	614.000
9251.714	668.000
9259.714	692.000
9267.714	629.000
9275.714	633.000
9283.714	608.000
9291.714	574.000
9299.715	597.000
9307.715	598.000
9315.715	551.000
9323.715	587.000
9331.715	554.000
9339.715	574.000
9347.716	598.000
9355.716	550.000
9363.716	517.000
9371.716	549.000
9379.716	531.000
9387.716	535.000
9395.717	592.000
9403.717	531.000
9411.717	497.000
9419.717	502.000
9427.717	525.000
9435.717	528.000
9443.718	503.000
9451.718	503.000
9459.718	487.000
9467.718	492.000
9475.718	565.000
9483.718	511.000
9491.719	510.000
9499.719	488.000
9507.719	519.000
9515.719	507.000
9523.719	545.000
9531.719	489.000
9539.720	550.000
9547.720	534.000
9555.720	496.000
9563.720	530.000
9571.720	561.000
9579.720	492.000
9587.721	543.000
9595.721	501.000
9603.721	538.000
9611.721	541.000
9619.721	579.000
9627.721	547.000
9635.722	552.000
9643.722	591.000
9651.722	584.000
9659.722	582.000
9667.722	625.000
9675.722	579.000
9683.723	561.000
9691.723	631.000
9699.723	591.000
9707.723	610.000
9715.723	639.000
9723.723	642.000
9731.724	626.000
9739.724	665.000
9747.724	659.000
9755.724	746.000
9763.724	650.000
9771.724	634.000
9779.725	681.000
9787.725	703.000
9795.725	678.000
9803.725	698.000
9811.725	732.000
9819.725	733.000
9827.726	698.000
9835.726	707.000
9843.726	789.000
9851.726	735.000
9859.726	705.000
9867.726	751.000
9875.727	763.000
9883.727	779.000
9891.727	776.000
9899.727	729.000
9907.727	762.000
9915.727	728.000
9923.728	748.000
9931.728	794.000
9939.728	762.000
9947.728	774.000
9955.728	760.000
9963.728	810.000
9971.729	804.000
9979.729	759.000
9987.729	780.000
9995.729	756.000
10003.729	729.000
10011.729	736.000
10019.730	724.000
10027.730	767.000
10035.730	757.000
10043.730	781.000
10051.730	705.000
10059.730	753.000
10067.731	674.000
10075.731	664.000
10083.731	694.000
10091.731	677.000
10099.731	692.000
10107.731	668.000
10115.732	707.000
10123.732	608.000
10131.732	639.000
10139.732	620.000
10147.732	622.000
10155.732	589.000
10163.733	631.000
10171.733	636.000
10179.733	575.000
10187.733	578.000
10195.733	535.000
10203.733	553.000
10211.734	578.000
10219.734	545.000
10227.734	553.000
10235.734	526.000
10243.734	541.000
10251.734	509.000
10259.735	479.000
10267.735	491.000
10275.735	467.000
10283.735	448.000
10291.735	491.000
10299.735	475.000
10307.736	479.000
10315.736	503.000
10323.736	461.000
10331.736	463.000
10339.736	419.000
10347.736	467.000
10355.737	453.000
10363.737	426.000
10371.737	449.000
10379.737	468.000
10387.737	468.000
10395.737	462.000
10403.738	418.000
10411.738	450.000
10419.738	427.000
10427.738	439.000
10435.738	465.000
10443.738	448.000
10451.739	450.000
10459.739	461.000
10467.739	509.000
10475.739	461.000
10483.739	479.000
10491.739	443.000
10499.740	463.000
10507.740	436.000
10515.740	466.000
10523.740	473.000
10531.740	499.000
10539.740	490.000
10547.741	483.000
10555.741	502.000
10563.741	512.000
10571.741	467.000
10579.741	473.000
10587.741	472.000
10595.742	466.000
10603.742	492.000
10611.742	458.000
10619.742	497.000
10627.742	503.000
10635.742	531.000
10643.743	535.000
10651.743	527.000
10659.743	551.000
10667.743	536.000
10675.743	484.000
10683.743	570.000
10691.744	549.000
10699.744	555.000
10707.744	618.000
10715.744	537.000
10723.744	569.000
10731.744	574.000
10739.745	639.000
10747.745	562.000
10755.745	615.000
10763.745	581.000
10771.745	662.000
10779.745	634.000
10787.746	602.000
10795.746	597.000
10803.746	596.000
10811.746	620.000
10819.746	606.000
10827.746	639.000
10835.747	621.000
10843.747	638.000
10851.747	642.000
10859.747	646.000
10867.747	623.000
10875.747	616.000
10883.748	674.000
10891.748	661.000
10899.748	642.000
10907.748	633.000
10915.748	608.000
10923.748	647.000
10931.749	613.000
10939.749	581.000
10947.749	576.000
10955.749	651.000
10963.749	621.000
10971.749	625.000
10979.750	591.000
10987.750	581.000
10995.750	557.000
11003.750	614.000
11011.750	566.000
11019.750	596.000
11027.751	588.000
11035.751	533.000
11043.751	532.000
11051.751	551.000
11059.751	575.000
11067.751	521.000
11075.752	461.000
11083.752	497.000
11091.752	524.000
11099.752	485.000
11107.752	516.000
11115.752	458.000
11123.753	450.000
11131.753	459.000
11139.753	467.000
11147.753	484.000
11155.753	457.000
11163.753	446.000
11171.754	411.000
11179.754	413.000
11187.754	432.000
11195.754	420.000
11203.754	446.000
11211.754	408.000
11219.755	397.000
11227.755	383.000
11235.755	408.000
11243.755	395.000
11251.755	393.000
11259.755	417.000
11267.756	390.000
11275.756	345.000
11283.756	384.000
11291.756	373.000
11299.756	369.000
11307.756	392.000
11315.757	364.000
11323.757	328.000
11331.757	364.000
11339.757	366.000
11347.757	378.000
11355.757	385.000
11363.758	376.000
11371.758	361.000
11379.758	379.000
11387.758	395.000
11395.758	415.000
11403.758	376.000
11411.759	362.000
11419.759	356.000
11427.759	396.000
11435.759	362.000
11443.759	361.000
11451.759	397.000
11459.760	397.000
11467.760	367.000
11475.760	361.000
11483.760	366.000
11491.760	357.000
11499.760	385.000
11507.761	409.000
11515.761	394.000
11523.761	402.000
11531.761	395.000
11539.761	407.000
11547.761	409.000
11555.762	376.000
11563.762	427.000
11571.762	399.000
11579.762	401.000
11587.762	399.000
11595.762	440.000
11603.763	446.000
11611.763	406.000
11619.763	435.000
11627.763	433.000
11635.763	442.000
11643.763	419.000
11651.764	446.000
11659.764	479.000
11667.764	460.000
11675.764	486.000
11683.764	439.000
11691.764	423.000
11699.765	487.000
11707.765	473.000
11715.765	460.000
11723.765	468.000
11731.765	445.000
11739.765	468.000
11747.766	485.000
11755.766	491.000
11763.766	472.000
11771.766	479.000
11779.766	486.000
11787.766	499.000
11795.767	535.000
11803.767	469.000
11811.767	504.000
11819.767	506.000
11827.767	535.000
11835.767	449.000
11843.768	483.000
11851.768	468.000
11859.768	499.000
11867.768	502.000
11875.768	491.000
11883.768	416.000
11891.769	483.000
11899.769	475.000
11907.769	496.000
11915.769	442.000
11923.769	479.000
11931.769	462.000
11939.770	438.000
11947.770	445.000
11955.770	419.000
11963.770	449.000
11971.770	410.000
11979.770	414.000
11987.771	395.000
11995.771	397.000
12003.771	384.000
12011.771	392.000
12019.771	372.000
12027.771	377.000
12035.772	381.000
12043.772	359.000
12051.772	374.000
12059.772	348.000
12067.772	335.000
12075.772	324.000
12083.773	355.000
12091.773	353.000
12099.773	333.000
12107.773	326.000
12115.773	300.000
12123.773	326.000
12131.774	356.000
12139.774	313.000
12147.774	310.000
12155.774	309.000
12163.774	355.000
12171.774	304.000
12179.775	289.000
12187.775	317.000
12195.775	271.000
12203.775	299.000
12211.775	302.000
12219.775	280.000
12227.776	286.000
12235.776	290.000
12243.776	301.000
12251.776	281.000
12259.776	272.000
12267.776	285.000
12275.777	284.000
12283.777	292.000
12291.777	309.000
12299.777	314.000
12307.777	290.000
12315.777	306.000
12323.778	271.000
12331.778	297.000
12339.778	272.000
12347.778	285.000
12355.778	309.000
12363.778	281.000
12371.779	276.000
12379.779	315.000
12387.779	282.000
12395.779	316.000
12403.779	294.000
12411.779	265.000
12419.780	287.000
12427.780	296.000
12435.780	294.000
12443.780	291.000
12451.780	296.000
12459.780	311.000
12467.781	296.000
12475.781	284.000
12483.781	295.000
12491.781	333.000
12499.781	301.000
12507.781	303.000
12515.782	298.000
12523.782	331.000
12531.782	371.000
12539.782	330.000
12547.782	312.000
12555.782	323.000
12563.783	305.000
12571.783	336.000
12579.783	358.000
12587.783	317.000
12595.783	351.000
12603.783	365.000
12611.784	359.000
12619.784	336.000
12627.784	328.000
12635.784	337.000
12643.784	356.000
12651.784	338.000
12659.785	356.000
12667.785	369.000
12675.785	374.000
12683.785	351.000
12691.785	375.000
12699.785	363.000
12707.786	351.000
12715.786	361.000
12723.786	372.000
12731.786	385.000
12739.786	352.000
12747.786	384.000
12755.787	310.000
12763.787	340.000
12771.787	349.000
12779.787	389.000
12787.787	330.000
12795.787	344.000
12803.788	351.000
12811.788	351.000
12819.788	342.000
12827.788	339.000
12835.788	352.000
12843.788	341.000
12851.789	319.000
12859.789	334.000
12867.789	319.000
12875.789	305.000
12883.789	339.000
12891.789	276.000
12899.790	302.000
12907.790	288.000
12915.790	323.000
12923.790	301.000
12931.790	277.000
12939.790	301.000
12947.791	274.000
12955.791	285.000
12963.791	284.000
12971.791	295.000
12979.791	302.000
12987.791	268.000
12995.792	288.000
13003.792	252.000
13011.792	232.000
13019.792	237.000
13027.792	245.000
13035.792	232.000
13043.793	227.000
13051.793	227.000
13059.793	242.000
13067.793	207.000
13075.793	247.000
13083.793	222.000
13091.794	242.000
13099.794	226.000
13107.794	218.000
13115.794	236.000
13123.794	221.000
13131.794	223.000
13139.795	203.000
13147.795	202.000
13155.795	201.000
13163.795	217.000
13171.795	212.000
13179.795	216.000
13187.796	201.000
13195.796	234.000
13203.796	216.000
13211.796	198.000
13219.796	212.000
13227.796	195.000
13235.797	197.000
13243.797	205.000
13251.797	219.000
13259.797	219.000
13267.797	216.000
13275.797	199.000
13283.798	206.000
13291.798	223.000
13299.798	200.000
13307.798	200.000
13315.798	231.000
13323.798	231.000
13331.799	207.000
13339.799	225.000
13347.799	219.000
13355.799	193.000
13363.799	224.000
13371.799	215.000
13379.800	232.000
13387.800	218.000
13395.800	214.000
13403.800	231.000
13411.800	209.000
13419.800	213.000
13427.801	222.000
13435.801	237.000
13443.801	195.000
13451.801	203.000
13459.801	210.000
13467.801	254.000
13475.802	236.000
13483.802	230.000
13491.802	233.000
13499.802	222.000
13507.802	229.000
13515.802	255.000
13523.803	248.000
13531.803	234.000
13539.803	229.000
13547.803	247.000
13555.803	227.000
13563.803	198.000
13571.804	255.000
13579.804	258.000
13587.804	260.000
13595.804	230.000
13603.804	246.000
13611.804	276.000
13619.805	243.000
13627.805	286.000
13635.805	254.000
13643.805	240.000
13651.805	239.000
13659.805	258.000
13667.806	260.000
13675.806	243.000
13683.806	248.000
13691.806	250.000
13699.806	207.000
13707.806	231.000
13715.807	221.000
13723.807	255.000
13731.807	244.000
13739.807	226.000
13747.807	233.000
13755.807	237.000
13763.808	238.000
13771.808	241.000
13779.808	229.000
13787.808	233.000
13795.808	235.000
13803.808	231.000
13811.809	229.000
13819.809	198.000
13827.809	203.000
13835.809	230.000
13843.809	191.000
13851.809	220.000
13859.810	180.000
13867.810	186.000
13875.810	210.000
13883.810	179.000
13891.810	175.000
13899.810	193.000
13907.811	179.000
13915.811	185.000
13923.811	187.000
13931.811	189.000
13939.811	160.000
13947.811	161.000
13955.812	154.000
13963.812	169.000
13971.812	197.000
13979.812	159.000
13987.812	171.000
13995.812	158.000
14003.813	163.000
14011.813	156.000
14019.813	162.000
14027.813	155.000
14035.813	146.000
14043.813	174.000
14051.814	153.000
14059.814	153.000
14067.814	157.000
14075.814	164.000
14083.814	146.000
14091.814	152.000
14099.815	135.000
14107.815	155.000
14115.815	154.000
14123.815	153.000
14131.815	131.000
14139.815	126.000
14147.816	140.000
14155.816	128.000
14163.816	145.000
14171.816	156.000
14179.816	128.000
14187.816	152.000
14195.817	140.000
14203.817	121.000
14211.817	147.000
14219.817	139.000
14227.817	159.000
14235.817	154.000
14243.818	145.000
14251.818	158.000
14259.818	148.000
14267.818	143.000
14275.818	132.000
14283.818	133.000
14291.819	135.000
14299.819	141.000
14307.819	154.000
14315.819	144.000
14323.819	165.000
14331.819	143.000
14339.820	144.000
14347.820	146.000
14355.820	160.000
14363.820	163.000
14371.820	148.000
14379.820	146.000
14387.821	153.000
14395.821	175.000
14403.821	147.000
14411.821	131.000
14419.821	138.000
14427.821	143.000
14435.822	163.000
14443.822	182.000
14451.822	167.000
14459.822	163.000
14467.822	174.000
14475.822	155.000
14483.823	160.000
14491.823	170.000
14499.823	157.000
14507.823	167.000
14515.823	170.000
14523.823	178.000
14531.824	151.000
14539.824	165.000
14547.824	158.000
14555.824	146.000
14563.824	175.000
14571.824	156.000
14579.825	167.000
14587.825	172.000
14595.825	152.000
14603.825	175.000
14611.825	165.000
14619.825	161.000
14627.826	165.000
14635.826	184.000
14643.826	163.000
14651.826	140.000
14659.826	182.000
14667.826	157.000
14675.827	142.000
14683.827	163.000
14691.827	151.000
14699.827	147.000
14707.827	169.000
14715.827	172.000
14723.828	149.000
14731.828	167.000
14739.828	159.000
14747.828	155.000
14755.828	149.000
14763.828	155.000
14771.829	145.000
14779.829	142.000
14787.829	155.000
14795.829	154.000
14803.829	157.000
14811.829	135.000
14819.830	146.000
14827.830	144.000
14835.830	129.000
14843.830	144.000
14851.830	133.000
14859.830	103.000
14867.831	147.000
14875.831	110.000
14883.831	119.000
14891.831	123.000
14899.831	127.000
14907.831	118.000
14915.832	112.000
14923.832	111.000
14931.832	121.000
14939.832	121.000
14947.832	105.000
14955.832	105.000
14963.833	86.000
14971.833	132.000
14979.833	126.000
14987.833	96.000
14995.833	116.000
15003.833	109.000
15011.834	107.000
15019.834	118.000
15027.834	110.000
15035.834	97.000
15043.834	95.000
15051.834	96.000
15059.835	105.000
15067.835	103.000
15075.835	105.000
15083.835	108.000
15091.835	96.000
15099.835	96.000
15107.836	101.000
15115.836	113.000
15123.836	99.000
15131.836	87.000
15139.836	77.000
15147.836	105.000
15155.837	95.000
15163.837	88.000
15171.837	95.000
15179.837	89.000
15187.837	80.000
15195.837	91.000
15203.838	96.000
15211.838	93.000
15219.838	95.000
15227.838	86.000
15235.838	111.000
15243.838	82.000
15251.839	95.000
15259.839	109.000
15267.839	100.000
15275.839	99.000
15283.839	101.000
15291.839	102.000
15299.840	89.000
15307.840	92.000
15315.840	114.000
15323.840	95.000
15331.840	99.000
15339.840	106.000
15347.841	98.000
15355.841	90.000
15363.841	95.000
15371.841	90.000
15379.841	94.000
15387.841	112.000
15395.842	94.000
15403.842	112.000
15411.842	106.000
15419.842	100.000
15427.842	95.000
15435.842	100.000
15443.843	117.000
15451.843	99.000
15459.843	102.000
15467.843	102.000
15475.843	113.000
15483.843	108.000
15491.844	121.000
15499.844	108.000
15507.844	102.000
15515.844	113.000
15523.844	88.000
15531.844	103.000
15539.845	101.000
15547.845	94.000
15555.845	110.000
15563.845	118.000
15571.845	95.000
15579.845	122.000
15587.846	92.000
15595.846	120.000
15603.846	107.000
15611.846	113.000
15619.846	103.000
15627.846	91.000
15635.847	83.000
15643.847	113.000
15651.847	79.000
15659.847	84.000
15667.847	103.000
15675.847	95.000
15683.848	100.000
15691.848	99.000
15699.848	87.000
15707.848	75.000
15715.848	93.000
15723.848	100.000
15731.849	90.000
15739.849	94.000
15747.849	90.000
15755.849	88.000
15763.849	82.000
15771.849	68.000
15779.850	76.000
15787.850	85.000
15795.850	88.000
15803.850	98.000
15811.850	75.000
15819.850	74.000
15827.851	77.000
15835.851	77.000
15843.851	71.000
15851.851	70.000
15859.851	93.000
15867.851	79.000
15875.852	72.000
15883.852	61.000
15891.852	52.000
15899.852	72.000
15907.852	68.000
15915.852	89.000
15923.853	71.000
15931.853	70.000
15939.853	78.000
15947.853	70.000
15955.853	71.000
15963.853	74.000
15971.854	55.000
15979.854	53.000
15987.854	65.000
15995.854	68.000
16003.854	61.000
16011.854	51.000
16019.855	65.000
16027.855	67.000
16035.855	60.000
16043.855	56.000
16051.855	55.000
16059.855	57.000
16067.856	50.000
16075.856	54.000
16083.856	68.000
16091.856	58.000
16099.856	64.000
16107.856	62.000
16115.857	54.000
16123.857	53.000
16131.857	50.000
16139.857	70.000
16147.857	52.000
16155.857	51.000
16163.858	50.000
16171.858	68.000
16179.858	71.000
16187.858	60.000
16195.858	63.000
16203.858	61.000
16211.859	57.000
16219.859	55.000
16227.859	43.000
16235.859	61.000
16243.859	60.000
16251.859	58.000
16259.860	76.000
16267.860	64.000
16275.860	56.000
16283.860	57.000
16291.860	62.000
16299.860	64.000
16307.861	56.000
16315.861	68.000
16323.861	60.000
16331.861	69.000
16339.861	73.000
16347.861	64.000
16355.862	49.000
16363.862	57.000
16371.862	59.000
16379.862	56.000
16387.862	75.000
16395.862	74.000
16403.863	78.000
16411.863	55.000
16419.863	69.000
16427.863	71.000
16435.863	67.000
16443.863	72.000
16451.864	77.000
16459.864	78.000
16467.864	68.000
16475.864	65.000
16483.864	73.000
16491.864	66.000
16499.865	66.000
16507.865	62.000
16515.865	59.000
16523.865	70.000
16531.865	48.000
16539.865	76.000
16547.866	62.000
16555.866	75.000
16563.866	63.000
16571.866	56.000
16579.866	57.000
16587.866	67.000
16595.867	58.000
16603.867	66.000
16611.867	77.000
16619.867	55.000
16627.867	61.000
16635.867	55.000
16643.868	56.000
16651.868	47.000
16659.868	58.000
16667.868	47.000
16675.868	54.000
16683.868	57.000
16691.869	65.000
16699.869	54.000
16707.869	40.000
16715.869	59.000
16723.869	42.000
16731.869	58.000
16739.870	68.000
16747.870	61.000
16755.870	50.000
16763.870	49.000
16771.870	51.000
16779.870	50.000
16787.871	36.000
16795.871	59.000
16803.871	53.000
16811.871	46.000
16819.871	36.000
16827.871	45.000
16835.872	38.000
16843.872	39.000
16851.872	46.000
16859.872	38.000
16867.872	50.000
16875.872	39.000
16883.873	45.000
16891.873	40.000
16899.873	41.000
16907.873	48.000
16915.873	41.000
16923.873	31.000
16931.874	31.000
16939.874	40.000
16947.874	33.000
16955.874	38.000
16963.874	49.000
16971.874	38.000
16979.875	41.000
16987.875	33.000
16995.875	44.000
17003.875	39.000
17011.875	35.000
17019.875	29.000
17027.876	42.000
17035.876	42.000
17043.876	43.000
17051.876	29.000
17059.876	50.000
17067.876	32.000
17075.877	44.000
17083.877	42.000
17091.877	35.000
17099.877	35.000
17107.877	40.000
17115.877	47.000
17123.878	28.000
17131.878	36.000
17139.878	35.000
17147.878	33.000
17155.878	41.000
17163.878	26.000
17171.879	30.000
17179.879	36.000
17187.879	36.000
17195.879	32.000
17203.879	39.000
17211.879	41.000
17219.880	36.000
17227.880	41.000
17235.880	34.000
17243.880	40.000
17251.880	37.000
17259.880	48.000
17267.881	34.000
17275.881	43.000
17283.881	54.000
17291.881	32.000
17299.881	42.000
17307.881	33.000
17315.882	45.000
17323.882	26.000
17331.882	28.000
17339.882	42.000
17347.882	43.000
17355.882	32.000
17363.883	27.000
17371.883	34.000
17379.883	38.000
17387.883	41.000
17395.883	45.000
17403.883	47.000
17411.884	33.000
17419.884	42.000
17427.884	49.000
17435.884	43.000
17443.884	43.000
17451.884	31.000
17459.885	35.000
17467.885	36.000
17475.885	41.000
17483.885	44.000
17491.885	26.000
17499.885	38.000
17507.886	32.000
17515.886	41.000
17523.886	38.000
17531.886	43.000
17539.886	31.000
17547.886	43.000
17555.887	32.000
17563.887	35.000
17571.887	36.000
17579.887	31.000
17587.887	44.000
17595.887	23.000
17603.888	23.000
17611.888	26.000
17619.888	39.000
17627.888	32.000
17635.888	35.000
17643.888	34.000
17651.889	32.000
17659.889	33.000
17667.889	26.000
17675.889	30.000
17683.889	28.000
17691.889	24.000
17699.890	36.000
17707.890	28.000
17715.890	25.000
17723.890	32.000
17731.890	26.000
17739.890	18.000
17747.891	20.000
17755.891	27.000
17763.891	23.000
17771.891	29.000
17779.891	21.000
17787.891	30.000
17795.892	22.000
17803.892	18.000
17811.892	25.000
17819.892	21.000
17827.892	25.000
17835.892	28.000
17843.893	29.000
17851.893	27.000
17859.893	20.000
17867.893	31.000
17875.893	17.000
17883.893	20.000
17891.894	32.000
17899.894	21.000
17907.894	22.000
17915.894	19.000
17923.894	26.000
17931.894	20.000
17939.895	13.000
17947.895	24.000
17955.895	31.000
17963.895	29.000
17971.895	28.000
17979.895	29.000
17987.896	18.000
17995.896	18.000
18003.896	24.000
18011.896	15.000
18019.896	22.000
18027.896	25.000
18035.897	13.000
18043.897	21.000
18051.897	19.000
18059.897	24.000
18067.897	18.000
18075.897	26.000
18083.898	32.000
18091.898	18.000
18099.898	23.000
18107.898	19.000
18115.898	22.000
18123.898	18.000
18131.899	13.000
18139.899	21.000
18147.899	27.000
18155.899	21.000
18163.899	14.000
18171.899	17.000
18179.900	17.000
18187.900	34.000
18195.900	20.000
18203.900	22.000
18211.900	22.000
18219.900	22.000
18227.901	29.000
18235.901	22.000
18243.901	20.000
18251.901	22.000
18259.901	17.000
18267.901	19.000
18275.902	18.000
18283.902	26.000
18291.902	27.000
18299.902	31.000
18307.902	13.000
18315.902	19.000
18323.903	24.000
18331.903	28.000
18339.903	19.000
18347.903	26.000
18355.903	14.000
18363.903	24.000
18371.904	20.000
18379.904	21.000
18387.904	23.000
18395.904	18.000
18403.904	17.000
18411.904	22.000
18419.905	24.000
18427.905	24.000
18435.905	27.000
18443.905	22.000
18451.905	12.000
18459.905	26.000
18467.906	16.000
18475.906	26.000
18483.906	15.000
18491.906	19.000
18499.906	27.000
18507.906	18.000
18515.907	24.000
18523.907	16.000
18531.907	19.000
18539.907	19.000
18547.907	21.000
18555.907	18.000
18563.908	19.000
18571.908	19.000
18579.908	21.000
18587.908	14.000
18595.908	18.000
18603.908	26.000
18611.909	18.000
18619.909	11.000
18627.909	16.000
18635.909	18.000
18643.909	22.000
18651.909	19.000
18659.910	20.000
18667.910	13.000
18675.910	18.000
18683.910	22.000
18691.910	13.000
18699.910	13.000
18707.911	16.000
18715.911	12.000
18723.911	16.000
18731.911	9.000
18739.911	16.000
18747.911	13.000
18755.912	15.000
18763.912	18.000
18771.912	10.000
18779.912	14.000
18787.912	18.000
18795.912	11.000
18803.913	9.000
18811.913	13.000
18819.913	14.000
18827.913	13.000
18835.913	15.000
18843.913	16.000
18851.914	11.000
18859.914	7.000
18867.914	14.000
18875.914	13.000
18883.914	11.000
18891.914	14.000
18899.915	17.000
18907.915	11.000
18915.915	9.000
18923.915	11.000
18931.915	11.000
18939.915	9.000
18947.916	14.000
18955.916	19.000
18963.916	18.000
18971.916	11.000
18979.916	15.000
18987.916	8.000
18995.917	13.000
19003.917	11.000
19011.917	13.000
19019.917	21.000
19027.917	15.000
19035.917	13.000
19043.918	7.000
19051.918	9.000
19059.918	14.000
19067.918	13.000
19075.918	13.000
19083.918	13.000
19091.919	12.000
19099.919	8.000
19107.919	12.000
19115.919	9.000
19123.919	11.000
19131.919	16.000
19139.920	7.000
19147.920	14.000
19155.920	9.000
19163.920	11.000
19171.920	9.000
19179.920	10.000
19187.921	10.000
19195.921	10.000
19203.921	13.000
19211.921	10.000
19219.921	6.000
19227.921	9.000
19235.922	12.000
19243.922	13.000
19251.922	11.000
19259.922	6.000
19267.922	18.000
19275.922	12.000
19283.923	16.000
19291.923	17.000
19299.923	11.000
19307.923	8.000
19315.923	18.000
19323.923	10.000
19331.924	9.000
19339.924	12.000
19347.924	13.000
19355.924	16.000
19363.924	16.000
19371.924	15.000
19379.925	8.000
19387.925	9.000
19395.925	6.000
19403.925	12.000
19411.925	13.000
19419.925	8.000
19427.926	12.000
19435.926	9.000
19443.926	13.000
19451.926	14.000
19459.926	23.000
19467.926	15.000
19475.927	12.000
19483.927	11.000
19491.927	4.000
19499.927	7.000
19507.927	4.000
19515.927	9.000
19523.928	17.000
19531.928	14.000
19539.928	9.000
19547.928	12.000
19555.928	6.000
19563.928	6.000
19571.929	7.000
19579.929	10.000
19587.929	8.000
19595.929	9.000
19603.929	5.000
19611.929	11.000
19619.930	12.000
19627.930	7.000
19635.930	8.000
19643.930	5.000
19651.930	7.000
19659.930	4.000
19667.931	5.000
19675.931	16.000
19683.931	4.000
19691.931	14.000
19699.931	10.000
19707.931	5.000
19715.932	4.000
19723.932	9.000
19731.932	5.000
19739.932	8.000
19747.932	4.000
19755.932	6.000
19763.933	6.000
19771.933	4.000
19779.933	5.000
19787.933	9.000
19795.933	6.000
19803.933	6.000
19811.934	10.000
19819.934	7.000
19827.934	5.000
19835.934	2.000
19843.934	5.000
19851.934	3.000
19859.935	8.000
19867.935	10.000
19875.935	10.000
19883.935	6.000
19891.935	7.000
19899.935	6.000
19907.936	9.000
19915.936	5.000
19923.936	5.000
19931.936	8.000
19939.936	6.000
19947.936	11.000
19955.937	6.000
19963.937	4.000
19971.937	7.000
19979.937	6.000
19987.937	6.000
19995.937	7.000
20003.938	5.000
20011.938	1.000
20019.938	4.000
20027.938	3.000
20035.938	4.000
20043.938	3.000
20051.939	9.000
20059.939	9.000
20067.939	4.000
20075.939	10.000
20083.939	9.000
20091.939	3.000
20099.940	3.000
20107.940	4.000
20115.940	6.000
20123.940	8.000
20131.940	5.000
20139.940	3.000
20147.941	6.000
20155.941	4.000
20163.941	9.000
20171.941	8.000
20179.941	14.000
20187.941	6.000
20195.942	10.000
20203.942	9.000
20211.942	6.000
20219.942	9.000
20227.942	4.000
20235.942	3.000
20243.943	6.000
20251.943	2.000
20259.943	6.000
20267.943	4.000
20275.943	8.000
20283.943	10.000
20291.944	4.000
20299.944	4.000
20307.944	15.000
20315.944	7.000
20323.944	4.000
20331.944	6.000
20339.945	5.000
20347.945	9.000
20355.945	8.000
20363.945	8.000
20371.945	4.000
20379.945	6.000
20387.946	3.000
20395.946	9.000
20403.946	5.000
20411.946	5.000
20419.946	8.000
20427.946	7.000
20435.947	2.000
20443.947	4.000
20451.947	2.000
20459.947	9.000
20467.947	5.000
20475.947	2.000
20483.948	9.000
20491.948	3.000
20499.948	2.000
20507.948	3.000
20515.948	4.000
20523.948	4.000
20531.949	3.000
20539.949	5.000
20547.949	8.000
20555.949	3.000
20563.949	3.000
20571.949	4.000
20579.950	9.000
20587.950	4.000
20595.950	5.000
20603.950	4.000
20611.950	5.000
20619.950	6.000
20627.951	7.000
20635.951	4.000
20643.951	4.000
20651.951	5.000
20659.951	4.000
20667.951	8.000
20675.952	4.000
20683.952	6.000
20691.952	2.000
20699.952	3.000
20707.952	3.000
20715.952	6.000
20723.953	5.000
20731.953	5.000
20739.953	4.000
20747.953	8.000
20755.953	6.000
20763.953	4.000
20771.954	2.000
20779.954	2.000
20787.954	2.000
20795.954	2.000
20803.954	3.000
20811.954	5.000
20819.955	5.000
20827.955	5.000
20835.955	6.000
20843.955	5.000
20851.955	2.000
20859.955	1.000
20867.956	3.000
20875.956	5.000
20883.956	5.000
20891.956	4.000
20899.956	1.000
20907.956	4.000
20915.957	4.000
20923.957	2.000
20931.957	3.000
20939.957	3.000
20947.957	0.000
20955.957	4.000
20963.958	4.000
20971.958	6.000
20979.958	2.000
20987.958	7.000
20995.958	1.000
21003.958	1.000
21011.959	5.000
21019.959	1.000
21027.959	5.000
21035.959	5.000
21043.959	3.000
21051.959	3.000
21059.960	4.000
21067.960	7.000
21075.960	4.000
21083.960	0.000
21091.960	4.000
21099.960	3.000
21107.961	3.000
21115.961	6.000
21123.961	6.000
21131.961	2.000
21139.961	1.000
21147.961	5.000
21155.962	2.000
21163.962	6.000
21171.962	3.000
21179.962	5.000
21187.962	7.000
21195.962	7.000
21203.963	5.000
21211.963	7.000
21219.963	6.000
21227.963	8.000
21235.963	3.000
21243.963	4.000
21251.964	3.000
21259.964	5.000
21267.964	5.000
21275.964	3.000
21283.964	1.000
21291.964	3.000
21299.965	0.000
21307.965	2.000
21315.965	5.000
21323.965	0.000
21331.965	2.000
21339.965	3.000
21347.966	2.000
21355.966	5.000
21363.966	2.000
21371.966	5.000
21379.966	3.000
21387.966	5.000
21395.967	2.000
21403.967	6.000
21411.967	2.000
21419.967	2.000
21427.967	1.000
21435.967	3.000
21443.968	1.000
21451.968	2.000
21459.968	0.000
21467.968	3.000
21475.968	5.000
21483.968	5.000
21491.969	0.000
21499.969	2.000
21507.969	3.000
21515.969	1.000
21523.969	2.000
21531.969	3.000
21539.970	2.000
21547.970	0.000
21555.970	3.000
21563.970	2.000
21571.970	1.000
21579.970	3.000
21587.971	1.000
21595.971	2.000
21603.971	5.000
21611.971	3.000
21619.971	3.000
21627.971	2.000
21635.972	3.000
21643.972	3.000
21651.972	0.000
21659.972	1.000
21667.972	4.000
21675.972	2.000
21683.973	1.000
21691.973	1.000
21699.973	3.000
21707.973	3.000
21715.973	3.000
21723.973	3.000
21731.974	0.000
21739.974	2.000
21747.974	2.000
21755.974	3.000
21763.974	0.000
21771.974	2.000
21779.975	3.000
21787.975	2.000
21795.975	1.000
21803.975	0.000
21811.975	1.000
21819.975	1.000
21827.976	3.000
21835.976	1.000
21843.976	0.000
21851.976	2.000
21859.976	1.000
21867.976	1.000
21875.977	0.000
21883.977	1.000
21891.977	0.000
21899.977	3.000
21907.977	1.000
21915.977	3.000
21923.978	1.000
21931.978	1.000
21939.978	4.000
21947.978	0.000
21955.978	2.000
21963.978	1.000
21971.979	1.000
21979.979	1.000
21987.979	2.000
21995.979	1.000
22003.979	1.000
22011.979	1.000
22019.980	4.000
22027.980	1.000
22035.980	1.000
22043.980	1.000
22051.980	0.000
22059.980	2.000
22067.981	6.000
22075.981	5.000
22083.981	1.000
22091.981	2.000
22099.981	0.000
22107.981	0.000
22115.982	1.000
22123.982	5.000
22131.982	1.000
22139.982	2.000
22147.982	2.000
22155.982	1.000
22163.983	3.000
22171.983	3.000
22179.983	1.000
22187.983	5.000
22195.983	1.000
22203.983	2.000
22211.984	1.000
22219.984	2.000
22227.984	4.000
22235.984	4.000
22243.984	2.000
22251.984	0.000
22259.985	2.000
22267.985	1.000
22275.985	3.000
22283.985	0.000
22291.985	3.000
22299.985	0.000
22307.986	3.000
22315.986	4.000
22323.986	0.000
22331.986	3.000
22339.986	3.000
22347.986	4.000
22355.987	0.000
22363.987	1.000
22371.987	1.000
22379.987	0.000
22387.987	2.000
22395.987	0.000
22403.988	1.000
22411.988	1.000
22419.988	2.000
22427.988	0.000
22435.988	2.000
22443.988	0.000
22451.989	1.000
22459.989	6.000
22467.989	0.000
22475.989	1.000
22483.989	1.000
22491.989	1.000
22499.990	1.000
22507.990	1.000
22515.990	2.000
22523.990	0.000
22531.990	2.000
22539.990	1.000
22547.991	1.000
22555.991	2.000
22563.991	3.000
22571.991	1.000
22579.991	1.000
22587.991	3.000
22595.992	0.000
22603.992	1.000
22611.992	0.000
22619.992	1.000
22627.992	0.000
22635.992	4.000
22643.993	0.000
22651.993	2.000
22659.993	0.000
22667.993	3.000
22675.993	0.000
22683.993	1.000
22691.994	4.000
22699.994	0.000
22707.994	1.000
22715.994	0.000
22723.994	1.000
22731.994	0.000
22739.995	0.000
22747.995	1.000
22755.995	0.000
22763.995	1.000
22771.995	1.000
22779.995	3.000
22787.996	1.000
22795.996	0.000
22803.996	4.000
22811.996	1.000
22819.996	3.000
22827.996	0.000
22835.997	0.000
22843.997	0.000
22851.997	1.000
22859.997	1.000
22867.997	1.000
22875.997	2.000
22883.998	1.000
22891.998	0.000
22899.998	5.000
22907.998	0.000
22915.998	0.000
22923.998	1.000
22931.999	0.000
22939.999	0.000
22947.999	2.000
22955.999	2.000
22963.999	1.000
22971.999	2.000
22980.000	1.000
22988.000	2.000
22996.000	0.000
