-996.500	0.000
-988.500	0.000
-980.500	2.000
-972.499	0.000
-964.499	1.000
-956.499	0.000
-948.499	0.000
-940.499	0.000
-932.499	1.000
-924.498	2.000
-916.498	0.000
-908.498	0.000
-900.498	0.000
-892.498	0.000
-884.498	2.000
-876.497	2.000
-868.497	1.000
-860.497	2.000
-852.497	2.000
-844.497	0.000
-836.497	0.000
-828.496	2.000
-820.496	1.000
-812.496	0.000
-804.496	0.000
-796.496	2.000
-788.496	1.000
-780.495	3.000
-772.495	2.000
-764.495	2.000
-756.495	1.000
-748.495	5.000
-740.495	4.000
-732.494	7.000
-724.494	2.000
-716.494	5.000
-708.494	4.000
-700.494	5.000
-692.494	5.000
-684.493	1.000
-676.493	7.000
-668.493	3.000
-660.493	7.000
-652.493	8.000
-644.493	10.000
-636.492	9.000
-628.492	9.000
-620.492	12.000
-612.492	11.000
-604.492	13.000
-596.492	16.000
-588.491	13.000
-580.491	15.000
-572.491	19.000
-564.491	25.000
-556.491	19.000
-548.491	32.000
-540.490	29.000
-532.490	28.000
-524.490	22.000
-516.490	29.000
-508.490	37.000
-500.490	42.000
-492.489	49.000
-484.489	56.000
-476.489	57.000
-468.489	50.000
-460.489	71.000
-452.489	67.000
-444.488	77.000
-436.488	88.000
-428.488	91.000
-420.488	101.000
-412.488	117.000
-404.488	116.000
-396.487	137.000
-388.487	135.000
-380.487	126.000
-372.487	168.000
-364.487	188.000
-356.487	182.000
-348.486	225.000
-340.486	236.000
-332.486	232.000
-324.486	260.000
-316.486	276.000
-308.486	306.000
-300.485	331.000
-292.485	358.000
-284.485	374.000
-276.485	436.000
-268.485	363.000
-260.485	437.000
-252.484	504.000
-244.484	499.000
-236.484	534.000
-228.484	557.000
-220.484	570.000
-212.484	606.000
-204.483	594.000
-196.483	679.000
-188.483	666.000
-180.483	690.000
-172.483	706.000
-164.483	789.000
-156.482	700.000
-148.482	747.000
-140.482	816.000
-132.482	856.000
-124.482	826.000
-116.482	830.000
-108.481	805.000
-100.481	864.000
-92.481	904.000
-84.481	879.000
-76.481	862.000
-68.481	827.000
-60.480	870.000
-52.480	832.000
-44.480	788.000
-36.480	832.000
-28.480	813.000
-20.480	829.000
-12.479	822.000
-4.479	796.000
3.521	730.000
11.521	772.000
19.521	736.000
27.521	717.000
35.522	688.000
43.522	653.000
51.522	665.000
59.522	635.000
67.522	630.000
75.522	566.000
83.523	597.000
91.523	622.000
99.523	573.000
107.523	575.000
115.523	522.000
123.523	550.000
131.524	543.000
139.524	504.000
147.524	498.000
155.524	487.000
163.524	500.000
171.524	451.000
179.525	459.000
187.525	443.000
195.525	441.000
203.525	420.000
211.525	422.000
219.525	409.000
227.526	429.000
235.526	449.000
243.526	417.000
251.526	416.000
259.526	441.000
267.526	441.000
275.527	434.000
283.527	425.000
291.527	452.000
299.527	454.000
307.527	457.000
315.527	483.000
323.528	446.000
331.528	494.000
339.528	478.000
347.528	544.000
355.528	535.000
363.528	530.000
371.529	530.000
379.529	548.000
387.529	557.000
395.529	578.000
403.529	608.000
411.529	627.000
419.530	623.000
427.530	639.000
435.530	683.000
443.530	714.000
451.530	656.000
459.530	750.000
467.531	704.000
475.531	705.000
483.531	767.000
491.531	779.000
499.531	813.000
507.531	782.000
515.532	822.000
523.532	827.000
531.532	846.000
539.532	915.000
547.532	900.000
555.532	874.000
563.533	884.000
571.533	922.000
579.533	926.000
587.533	962.000
595.533	931.000
603.533	978.000
611.534	1005.000
619.534	1004.000
627.534	1004.000
635.534	969.000
643.534	1059.000
651.534	1010.000
659.535	1001.000
667.535	1019.000
675.535	965.000
683.535	998.000
691.535	1004.000
699.535	967.000
707.536	925.000
715.536	940.000
723.536	923.000
731.536	943.000
739.536	876.000
747.536	926.000
755.537	921.000
763.537	846.000
771.537	903.000
779.537	843.000
787.537	853.000
795.537	789.000
803.538	803.000
811.538	787.000
819.538	743.000
827.538	759.000
835.538	709.000
843.538	680.000
851.539	723.000
859.539	675.000
867.539	645.000
875.539	657.000
883.539	642.000
891.539	633.000
899.540	631.000
907.540	634.000
915.540	580.000
923.540	611.000
931.540	591.000
939.540	545.000
947.541	566.000
955.541	545.000
963.541	571.000
971.541	580.000
979.541	531.000
987.541	544.000
995.542	524.000
1003.542	542.000
1011.542	512.000
1019.542	550.000
1027.542	548.000
1035.542	526.000
1043.543	542.000
1051.543	569.000
1059.543	537.000
1067.543	547.000
1075.543	543.000
1083.543	557.000
1091.544	509.000
1099.544	616.000
1107.544	558.000
1115.544	532.000
1123.544	603.000
1131.544	572.000
1139.545	643.000
1147.545	610.000
1155.545	607.000
1163.545	633.000
1171.545	617.000
1179.545	707.000
1187.546	631.000
1195.546	641.000
1203.546	683.000
1211.546	654.000
1219.546	683.000
1227.546	715.000
1235.547	705.000
1243.547	759.000
1251.547	793.000
1259.547	756.000
1267.547	827.000
1275.547	797.000
1283.548	787.000
1291.548	799.000
1299.548	814.000
1307.548	822.000
1315.548	791.000
1323.548	809.000
1331.549	857.000
1339.549	911.000
1347.549	891.000
1355.549	893.000
1363.549	853.000
1371.549	915.000
1379.550	882.000
1387.550	922.000
1395.550	915.000
1403.550	870.000
1411.550	891.000
1419.550	860.000
1427.551	930.000
1435.551	879.000
1443.551	884.000
1451.551	878.000
1459.551	839.000
1467.551	848.000
1475.552	877.000
1483.552	821.000
1491.552	820.000
1499.552	822.000
1507.552	836.000
1515.552	759.000
1523.553	795.000
1531.553	808.000
1539.553	779.000
1547.553	721.000
1555.553	709.000
1563.553	696.000
1571.554	705.000
1579.554	647.000
1587.554	640.000
1595.554	669.000
1603.554	658.000
1611.554	578.000
1619.555	623.000
1627.555	642.000
1635.555	567.000
1643.555	597.000
1651.555	542.000
1659.555	553.000
1667.556	551.000
1675.556	542.000
1683.556	532.000
1691.556	548.000
1699.556	523.000
1707.556	544.000
1715.557	463.000
1723.557	493.000
1731.557	510.000
1739.557	473.000
1747.557	498.000
1755.557	546.000
1763.558	503.000
1771.558	480.000
1779.558	494.000
1787.558	465.000
1795.558	486.000
1803.558	484.000
1811.559	489.000
1819.559	538.000
1827.559	465.000
1835.559	466.000
1843.559	508.000
1851.559	484.000
1859.560	503.000
1867.560	504.000
1875.560	508.000
1883.560	516.000
1891.560	541.000
1899.560	505.000
1907.561	506.000
1915.561	528.000
1923.561	597.000
1931.561	532.000
1939.561	564.000
1947.561	567.000
1955.562	593.000
1963.562	532.000
1971.562	571.000
1979.562	567.000
1987.562	607.000
1995.562	637.000
2003.563	633.000
2011.563	643.000
2019.563	665.000
2027.563	723.000
2035.563	677.000
2043.563	673.000
2051.564	701.000
2059.564	672.000
2067.564	730.000
2075.564	700.000
2083.564	710.000
2091.564	733.000
2099.565	747.000
2107.565	737.000
2115.565	758.000
2123.565	784.000
2131.565	728.000
2139.565	744.000
2147.566	745.000
2155.566	760.000
2163.566	744.000
2171.566	763.000
2179.566	727.000
2187.566	716.000
2195.567	744.000
2203.567	754.000
2211.567	797.000
2219.567	735.000
2227.567	728.000
2235.567	723.000
2243.568	701.000
2251.568	707.000
2259.568	726.000
2267.568	679.000
2275.568	673.000
2283.568	703.000
2291.569	671.000
2299.569	643.000
2307.569	629.000
2315.569	618.000
2323.569	555.000
2331.569	603.000
2339.570	583.000
2347.570	559.000
2355.570	632.000
2363.570	582.000
2371.570	526.000
2379.570	554.000
2387.571	514.000
2395.571	538.000
2403.571	538.000
2411.571	510.000
2419.571	466.000
2427.571	458.000
2435.572	464.000
2443.572	468.000
2451.572	434.000
2459.572	448.000
2467.572	464.000
2475.572	441.000
2483.573	419.000
2491.573	476.000
2499.573	447.000
2507.573	401.000
2515.573	403.000
2523.573	403.000
2531.574	417.000
2539.574	432.000
2547.574	409.000
2555.574	419.000
2563.574	453.000
2571.574	399.000
2579.575	453.000
2587.575	400.000
2595.575	432.000
2603.575	414.000
2611.575	416.000
2619.575	453.000
2627.576	408.000
2635.576	448.000
2643.576	420.000
2651.576	457.000
2659.576	445.000
2667.576	436.000
2675.577	466.000
2683.577	434.000
2691.577	438.000
2699.577	468.000
2707.577	496.000
2715.577	487.000
2723.578	510.000
2731.578	526.000
2739.578	544.000
2747.578	546.000
2755.578	521.000
2763.578	509.000
2771.579	595.000
2779.579	578.000
2787.579	581.000
2795.579	661.000
2803.579	597.000
2811.579	632.000
2819.580	620.000
2827.580	593.000
2835.580	634.000
2843.580	645.000
2851.580	621.000
2859.580	671.000
2867.581	670.000
2875.581	697.000
2883.581	679.000
2891.581	716.000
2899.581	634.000
2907.581	722.000
2915.582	683.000
2923.582	707.000
2931.582	720.000
2939.582	689.000
2947.582	686.000
2955.582	668.000
2963.583	696.000
2971.583	709.000
2979.583	674.000
2987.583	709.000
2995.583	716.000
3003.583	676.000
3011.584	683.000
3019.584	649.000
3027.584	659.000
3035.584	657.000
3043.584	621.000
3051.584	645.000
3059.585	608.000
3067.585	636.000
3075.585	619.000
3083.585	567.000
3091.585	649.000
3099.585	540.000
3107.586	587.000
3115.586	555.000
3123.586	565.000
3131.586	582.000
3139.586	546.000
3147.586	462.000
3155.587	498.000
3163.587	523.000
3171.587	462.000
3179.587	450.000
3187.587	493.000
3195.587	439.000
3203.588	426.000
3211.588	437.000
3219.588	429.000
3227.588	447.000
3235.588	414.000
3243.588	430.000
3251.589	436.000
3259.589	411.000
3267.589	388.000
3275.589	385.000
3283.589	362.000
3291.589	398.000
3299.590	413.000
3307.590	421.000
3315.590	434.000
3323.590	419.000
3331.590	393.000
3339.590	405.000
3347.591	403.000
3355.591	396.000
3363.591	392.000
3371.591	418.000
3379.591	396.000
3387.591	419.000
3395.592	429.000
3403.592	428.000
3411.592	402.000
3419.592	437.000
3427.592	455.000
3435.592	432.000
3443.593	434.000
3451.593	447.000
3459.593	522.000
3467.593	517.000
3475.593	479.000
3483.593	519.000
3491.594	499.000
3499.594	480.000
3507.594	540.000
3515.594	500.000
3523.594	510.000
3531.594	578.000
3539.595	574.000
3547.595	543.000
3555.595	592.000
3563.595	584.000
3571.595	607.000
3579.595	618.000
3587.596	629.000
3595.596	621.000
3603.596	610.000
3611.596	659.000
3619.596	702.000
3627.596	658.000
3635.597	669.000
3643.597	689.000
3651.597	693.000
3659.597	684.000
3667.597	719.000
3675.597	666.000
3683.598	718.000
3691.598	727.000
3699.598	708.000
3707.598	738.000
3715.598	726.000
3723.598	693.000
3731.599	736.000
3739.599	743.000
3747.599	710.000
3755.599	728.000
3763.599	725.000
3771.599	748.000
3779.600	724.000
3787.600	668.000
3795.600	692.000
3803.600	677.000
3811.600	726.000
3819.600	694.000
3827.601	696.000
3835.601	643.000
3843.601	693.000
3851.601	685.000
3859.601	626.000
3867.601	611.000
3875.602	638.000
3883.602	569.000
3891.602	575.000
3899.602	579.000
3907.602	539.000
3915.602	531.000
3923.603	514.000
3931.603	538.000
3939.603	506.000
3947.603	504.000
3955.603	485.000
3963.603	499.000
3971.604	449.000
3979.604	484.000
3987.604	475.000
3995.604	469.000
4003.604	486.000
4011.604	435.000
4019.605	442.000
4027.605	433.000
4035.605	440.000
4043.605	433.000
4051.605	426.000
4059.605	440.000
4067.606	476.000
4075.606	446.000
4083.606	436.000
4091.606	422.000
4099.606	420.000
4107.606	385.000
4115.607	416.000
4123.607	429.000
4131.607	434.000
4139.607	442.000
4147.607	453.000
4155.607	440.000
4163.608	476.000
4171.608	486.000
4179.608	498.000
4187.608	441.000
4195.608	488.000
4203.608	491.000
4211.609	503.000
4219.609	479.000
4227.609	498.000
4235.609	534.000
4243.609	528.000
4251.609	550.000
4259.610	512.000
4267.610	549.000
4275.610	574.000
4283.610	605.000
4291.610	599.000
4299.610	555.000
4307.611	588.000
4315.611	618.000
4323.611	629.000
4331.611	640.000
4339.611	656.000
4347.611	657.000
4355.612	701.000
4363.612	678.000
4371.612	685.000
4379.612	770.000
4387.612	743.000
4395.612	781.000
4403.613	719.000
4411.613	772.000
4419.613	767.000
4427.613	802.000
4435.613	771.000
4443.613	753.000
4451.614	782.000
4459.614	787.000
4467.614	770.000
4475.614	778.000
4483.614	775.000
4491.614	795.000
4499.615	785.000
4507.615	861.000
4515.615	818.000
4523.615	806.000
4531.615	850.000
4539.615	811.000
4547.616	814.000
4555.616	827.000
4563.616	795.000
4571.616	750.000
4579.616	767.000
4587.616	706.000
4595.617	739.000
4603.617	752.000
4611.617	780.000
4619.617	714.000
4627.617	641.000
4635.617	673.000
4643.618	648.000
4651.618	687.000
4659.618	676.000
4667.618	652.000
4675.618	624.000
4683.618	647.000
4691.619	582.000
4699.619	573.000
4707.619	571.000
4715.619	583.000
4723.619	525.000
4731.619	579.000
4739.620	553.000
4747.620	505.000
4755.620	535.000
4763.620	497.000
4771.620	529.000
4779.620	554.000
4787.621	527.000
4795.621	495.000
4803.621	528.000
4811.621	480.000
4819.621	516.000
4827.621	492.000
4835.622	486.000
4843.622	451.000
4851.622	492.000
4859.622	449.000
4867.622	485.000
4875.622	480.000
4883.623	486.000
4891.623	443.000
4899.623	476.000
4907.623	453.000
4915.623	491.000
4923.623	480.000
4931.624	542.000
4939.624	478.000
4947.624	464.000
4955.624	510.000
4963.624	519.000
4971.624	466.000
4979.625	534.000
4987.625	606.000
4995.625	587.000
5003.625	566.000
5011.625	555.000
5019.625	575.000
5027.626	588.000
5035.626	629.000
5043.626	634.000
5051.626	619.000
5059.626	643.000
5067.626	627.000
5075.627	680.000
5083.627	641.000
5091.627	702.000
5099.627	690.000
5107.627	696.000
5115.627	767.000
5123.628	768.000
5131.628	731.000
5139.628	737.000
5147.628	794.000
5155.628	805.000
5163.628	745.000
5171.629	788.000
5179.629	833.000
5187.629	875.000
5195.629	783.000
5203.629	810.000
5211.629	836.000
5219.630	792.000
5227.630	848.000
5235.630	907.000
5243.630	859.000
5251.630	874.000
5259.630	890.000
5267.631	889.000
5275.631	880.000
5283.631	844.000
5291.631	858.000
5299.631	839.000
5307.631	857.000
5315.632	846.000
5323.632	806.000
5331.632	842.000
5339.632	851.000
5347.632	830.000
5355.632	812.000
5363.633	769.000
5371.633	774.000
5379.633	747.000
5387.633	816.000
5395.633	754.000
5403.633	741.000
5411.634	756.000
5419.634	746.000
5427.634	664.000
5435.634	704.000
5443.634	679.000
5451.634	690.000
5459.635	648.000
5467.635	592.000
5475.635	595.000
5483.635	625.000
5491.635	604.000
5499.635	593.000
5507.636	584.000
5515.636	624.000
5523.636	514.000
5531.636	583.000
5539.636	565.000
5547.636	568.000
5555.637	533.000
5563.637	548.000
5571.637	508.000
5579.637	505.000
5587.637	515.000
5595.637	531.000
5603.638	505.000
5611.638	497.000
5619.638	498.000
5627.638	519.000
5635.638	509.000
5643.638	497.000
5651.639	500.000
5659.639	468.000
5667.639	456.000
5675.639	502.000
5683.639	518.000
5691.639	530.000
5699.640	506.000
5707.640	480.000
5715.640	522.000
5723.640	550.000
5731.640	553.000
5739.640	587.000
5747.641	546.000
5755.641	543.000
5763.641	582.000
5771.641	580.000
5779.641	575.000
5787.641	547.000
5795.642	656.000
5803.642	638.000
5811.642	638.000
5819.642	609.000
5827.642	640.000
5835.642	633.000
5843.643	722.000
5851.643	657.000
5859.643	676.000
5867.643	705.000
5875.643	682.000
5883.643	671.000
5891.644	742.000
5899.644	745.000
5907.644	808.000
5915.644	769.000
5923.644	762.000
5931.644	735.000
5939.645	747.000
5947.645	831.000
5955.645	801.000
5963.645	759.000
5971.645	751.000
5979.645	833.000
5987.646	794.000
5995.646	824.000
6003.646	796.000
6011.646	873.000
6019.646	870.000
6027.646	855.000
6035.647	877.000
6043.647	878.000
6051.647	888.000
6059.647	818.000
6067.647	896.000
6075.647	872.000
6083.648	821.000
6091.648	803.000
6099.648	791.000
6107.648	771.000
6115.648	791.000
6123.648	817.000
6131.649	820.000
6139.649	798.000
6147.649	768.000
6155.649	773.000
6163.649	790.000
6171.649	719.000
6179.650	643.000
6187.650	747.000
6195.650	692.000
6203.650	714.000
6211.650	689.000
6219.650	700.000
6227.651	632.000
6235.651	631.000
6243.651	610.000
6251.651	617.000
6259.651	570.000
6267.651	545.000
6275.652	559.000
6283.652	606.000
6291.652	539.000
6299.652	585.000
6307.652	548.000
6315.652	514.000
6323.653	529.000
6331.653	520.000
6339.653	525.000
6347.653	510.000
6355.653	512.000
6363.653	509.000
6371.654	451.000
6379.654	483.000
6387.654	511.000
6395.654	475.000
6403.654	481.000
6411.654	441.000
6419.655	476.000
6427.655	443.000
6435.655	469.000
6443.655	469.000
6451.655	489.000
6459.655	476.000
6467.656	505.000
6475.656	528.000
6483.656	529.000
6491.656	540.000
6499.656	469.000
6507.656	511.000
6515.657	527.000
6523.657	521.000
6531.657	518.000
6539.657	523.000
6547.657	558.000
6555.657	560.000
6563.658	575.000
6571.658	556.000
6579.658	567.000
6587.658	587.000
6595.658	591.000
6603.658	586.000
6611.659	597.000
6619.659	594.000
6627.659	615.000
6635.659	661.000
6643.659	660.000
6651.659	672.000
6659.660	620.000
6667.660	607.000
6675.660	669.000
6683.660	679.000
6691.660	702.000
6699.660	646.000
6707.661	762.000
6715.661	700.000
6723.661	696.000
6731.661	738.000
6739.661	764.000
6747.661	710.000
6755.662	717.000
6763.662	785.000
6771.662	731.000
6779.662	804.000
6787.662	771.000
6795.662	813.000
6803.663	736.000
6811.663	717.000
6819.663	724.000
6827.663	743.000
6835.663	801.000
6843.663	772.000
6851.664	754.000
6859.664	769.000
6867.664	733.000
6875.664	736.000
6883.664	737.000
6891.664	717.000
6899.665	748.000
6907.665	725.000
6915.665	695.000
6923.665	738.000
6931.665	713.000
6939.665	677.000
6947.666	643.000
6955.666	676.000
6963.666	703.000
6971.666	604.000
6979.666	606.000
6987.666	640.000
6995.667	646.000
7003.667	575.000
7011.667	579.000
7019.667	607.000
7027.667	567.000
7035.667	528.000
7043.668	487.000
7051.668	523.000
7059.668	487.000
7067.668	533.000
7075.668	489.000
7083.668	479.000
7091.669	510.000
7099.669	513.000
7107.669	481.000
7115.669	475.000
7123.669	439.000
7131.669	424.000
7139.670	459.000
7147.670	491.000
7155.670	451.000
7163.670	450.000
7171.670	429.000
7179.670	461.000
7187.671	435.000
7195.671	409.000
7203.671	428.000
7211.671	440.000
7219.671	427.000
7227.671	417.000
7235.672	418.000
7243.672	437.000
7251.672	445.000
7259.672	431.000
7267.672	447.000
7275.672	425.000
7283.673	435.000
7291.673	431.000
7299.673	471.000
7307.673	421.000
7315.673	460.000
7323.673	501.000
7331.674	504.000
7339.674	472.000
7347.674	487.000
7355.674	450.000
7363.674	543.000
7371.674	459.000
7379.675	486.000
7387.675	524.000
7395.675	581.000
7403.675	532.000
7411.675	537.000
7419.675	487.000
7427.676	575.000
7435.676	565.000
7443.676	556.000
7451.676	573.000
7459.676	539.000
7467.676	567.000
7475.677	581.000
7483.677	602.000
7491.677	592.000
7499.677	634.000
7507.677	595.000
7515.677	622.000
7523.678	676.000
7531.678	627.000
7539.678	611.000
7547.678	635.000
7555.678	587.000
7563.678	617.000
7571.679	662.000
7579.679	658.000
7587.679	677.000
7595.679	674.000
7603.679	633.000
7611.679	634.000
7619.680	607.000
7627.680	607.000
7635.680	636.000
7643.680	631.000
7651.680	639.000
7659.680	655.000
7667.681	626.000
7675.681	635.000
7683.681	625.000
7691.681	573.000
7699.681	623.000
7707.681	561.000
7715.682	572.000
7723.682	597.000
7731.682	546.000
7739.682	565.000
7747.682	556.000
7755.682	572.000
7763.683	521.000
7771.683	494.000
7779.683	574.000
7787.683	531.000
7795.683	463.000
7803.683	484.000
7811.684	446.000
7819.684	431.000
7827.684	491.000
7835.684	454.000
7843.684	477.000
7851.684	432.000
7859.685	481.000
7867.685	414.000
7875.685	387.000
7883.685	439.000
7891.685	431.000
7899.685	399.000
7907.686	376.000
7915.686	388.000
7923.686	374.000
7931.686	390.000
7939.686	325.000
7947.686	374.000
7955.687	370.000
7963.687	358.000
7971.687	344.000
7979.687	351.000
7987.687	356.000
7995.687	333.000
8003.688	348.000
8011.688	357.000
8019.688	386.000
8027.688	395.000
8035.688	330.000
8043.688	392.000
8051.689	345.000
8059.689	364.000
8067.689	324.000
8075.689	382.000
8083.689	365.000
8091.689	390.000
8099.690	364.000
8107.690	366.000
8115.690	360.000
8123.690	385.000
8131.690	386.000
8139.690	352.000
8147.691	388.000
8155.691	390.000
8163.691	412.000
8171.691	388.000
8179.691	397.000
8187.691	392.000
8195.692	436.000
8203.692	445.000
8211.692	429.000
8219.692	442.000
8227.692	464.000
8235.692	430.000
8243.693	436.000
8251.693	416.000
8259.693	457.000
8267.693	473.000
8275.693	467.000
8283.693	426.000
8291.694	484.000
8299.694	482.000
8307.694	458.000
8315.694	468.000
8323.694	520.000
8331.694	488.000
8339.695	507.000
8347.695	468.000
8355.695	449.000
8363.695	527.000
8371.695	558.000
8379.695	472.000
8387.696	496.000
8395.696	548.000
8403.696	499.000
8411.696	494.000
8419.696	517.000
8427.696	480.000
8435.697	512.000
8443.697	539.000
8451.697	468.000
8459.697	485.000
8467.697	470.000
8475.697	470.000
8483.698	444.000
8491.698	452.000
8499.698	452.000
8507.698	451.000
8515.698	453.000
8523.698	454.000
8531.699	426.000
8539.699	403.000
8547.699	379.000
8555.699	395.000
8563.699	397.000
8571.699	405.000
8579.700	385.000
8587.700	371.000
8595.700	366.000
8603.700	341.000
8611.700	368.000
8619.700	347.000
8627.701	329.000
8635.701	314.000
8643.701	326.000
8651.701	353.000
8659.701	306.000
8667.701	302.000
8675.702	282.000
8683.702	322.000
8691.702	311.000
8699.702	316.000
8707.702	328.000
8715.702	317.000
8723.703	301.000
8731.703	311.000
8739.703	293.000
8747.703	245.000
8755.703	293.000
8763.703	257.000
8771.704	285.000
8779.704	264.000
8787.704	285.000
8795.704	264.000
8803.704	296.000
8811.704	251.000
8819.705	341.000
8827.705	293.000
8835.705	272.000
8843.705	272.000
8851.705	269.000
8859.705	270.000
8867.706	288.000
8875.706	273.000
8883.706	286.000
8891.706	291.000
8899.706	299.000
8907.706	288.000
8915.707	289.000
8923.707	293.000
8931.707	288.000
8939.707	321.000
8947.707	291.000
8955.707	286.000
8963.708	332.000
8971.708	330.000
8979.708	312.000
8987.708	318.000
8995.708	329.000
9003.708	299.000
9011.709	337.000
9019.709	322.000
9027.709	344.000
9035.709	348.000
9043.709	354.000
9051.709	340.000
9059.710	332.000
9067.710	362.000
9075.710	336.000
9083.710	342.000
9091.710	347.000
9099.710	370.000
9107.711	381.000
9115.711	366.000
9123.711	360.000
9131.711	353.000
9139.711	391.000
9147.711	374.000
9155.712	336.000
9163.712	394.000
9171.712	351.000
9179.712	393.000
9187.712	351.000
9195.712	379.000
9203.713	341.000
9211.713	356.000
9219.713	359.000
9227.713	313.000
9235.713	323.000
9243.713	367.000
9251.714	335.000
9259.714	319.000
9267.714	361.000
9275.714	338.000
9283.714	339.000
9291.714	305.000
9299.715	300.000
9307.715	302.000
9315.715	349.000
9323.715	317.000
9331.715	308.000
9339.715	302.000
9347.716	291.000
9355.716	290.000
9363.716	275.000
9371.716	330.000
9379.716	280.000
9387.716	276.000
9395.717	271.000
9403.717	262.000
9411.717	264.000
9419.717	251.000
9427.717	230.000
9435.717	220.000
9443.718	230.000
9451.718	233.000
9459.718	223.000
9467.718	239.000
9475.718	215.000
9483.718	213.000
9491.719	216.000
9499.719	201.000
9507.719	215.000
9515.719	213.000
9523.719	202.000
9531.719	189.000
9539.720	205.000
9547.720	196.000
9555.720	211.000
9563.720	196.000
9571.720	213.000
9579.720	197.000
9587.721	209.000
9595.721	164.000
9603.721	207.000
9611.721	203.000
9619.721	189.000
9627.721	205.000
9635.722	180.000
9643.722	178.000
9651.722	206.000
9659.722	206.000
9667.722	181.000
9675.722	198.000
9683.723	225.000
9691.723	216.000
9699.723	188.000
9707.723	214.000
9715.723	184.000
9723.723	202.000
9731.724	208.000
9739.724	201.000
9747.724	218.000
9755.724	200.000
9763.724	232.000
9771.724	226.000
9779.725	194.000
9787.725	244.000
9795.725	230.000
9803.725	221.000
9811.725	227.000
9819.725	254.000
9827.726	245.000
9835.726	230.000
9843.726	246.000
9851.726	211.000
9859.726	254.000
9867.726	247.000
9875.727	262.000
9883.727	239.000
9891.727	247.000
9899.727	259.000
9907.727	229.000
9915.727	243.000
9923.728	250.000
9931.728	257.000
9939.728	247.000
9947.728	268.000
9955.728	232.000
9963.728	286.000
9971.729	274.000
9979.729	235.000
9987.729	250.000
9995.729	230.000
10003.729	249.000
10011.729	250.000
10019.730	259.000
10027.730	261.000
10035.730	244.000
10043.730	205.000
10051.730	217.000
10059.730	224.000
10067.731	230.000
10075.731	215.000
10083.731	221.000
10091.731	226.000
10099.731	205.000
10107.731	194.000
10115.732	196.000
10123.732	198.000
10131.732	197.000
10139.732	178.000
10147.732	177.000
10155.732	189.000
10163.733	182.000
10171.733	180.000
10179.733	208.000
10187.733	183.000
10195.733	196.000
10203.733	208.000
10211.734	179.000
10219.734	171.000
10227.734	172.000
10235.734	166.000
10243.734	158.000
10251.734	148.000
10259.735	155.000
10267.735	155.000
10275.735	162.000
10283.735	143.000
10291.735	155.000
10299.735	141.000
10307.736	154.000
10315.736	151.000
10323.736	145.000
10331.736	157.000
10339.736	156.000
10347.736	143.000
10355.737	137.000
10363.737	155.000
10371.737	143.000
10379.737	155.000
10387.737	130.000
10395.737	133.000
10403.738	123.000
10411.738	143.000
10419.738	134.000
10427.738	128.000
10435.738	141.000
10443.738	133.000
10451.739	137.000
10459.739	130.000
10467.739	137.000
10475.739	137.000
10483.739	137.000
10491.739	145.000
10499.740	136.000
10507.740	152.000
10515.740	135.000
10523.740	179.000
10531.740	145.000
10539.740	144.000
10547.741	160.000
10555.741	162.000
10563.741	142.000
10571.741	169.000
10579.741	153.000
10587.741	159.000
10595.742	148.000
10603.742	161.000
10611.742	168.000
10619.742	162.000
10627.742	160.000
10635.742	177.000
10643.743	141.000
10651.743	136.000
10659.743	166.000
10667.743	151.000
10675.743	165.000
10683.743	154.000
10691.744	169.000
10699.744	145.000
10707.744	179.000
10715.744	176.000
10723.744	161.000
10731.744	180.000
10739.745	157.000
10747.745	147.000
10755.745	156.000
10763.745	173.000
10771.745	158.000
10779.745	138.000
10787.746	163.000
10795.746	155.000
10803.746	164.000
10811.746	147.000
10819.746	156.000
10827.746	157.000
10835.747	141.000
10843.747	134.000
10851.747	185.000
10859.747	111.000
10867.747	148.000
10875.747	143.000
10883.748	121.000
10891.748	132.000
10899.748	123.000
10907.748	159.000
10915.748	113.000
10923.748	134.000
10931.749	145.000
10939.749	132.000
10947.749	124.000
10955.749	130.000
10963.749	130.000
10971.749	103.000
10979.750	125.000
10987.750	137.000
10995.750	116.000
11003.750	105.000
11011.750	133.000
11019.750	108.000
11027.751	99.000
11035.751	120.000
11043.751	89.000
11051.751	116.000
11059.751	94.000
11067.751	105.000
11075.752	110.000
11083.752	88.000
11091.752	93.000
11099.752	97.000
11107.752	96.000
11115.752	84.000
11123.753	85.000
11131.753	94.000
11139.753	94.000
11147.753	102.000
11155.753	89.000
11163.753	84.000
11171.754	85.000
11179.754	90.000
11187.754	99.000
11195.754	79.000
11203.754	81.000
11211.754	103.000
11219.755	106.000
11227.755	97.000
11235.755	84.000
11243.755	99.000
11251.755	89.000
11259.755	100.000
11267.756	115.000
11275.756	105.000
11283.756	106.000
11291.756	72.000
11299.756	93.000
11307.756	86.000
11315.757	81.000
11323.757	98.000
11331.757	87.000
11339.757	107.000
11347.757	110.000
11355.757	82.000
11363.758	90.000
11371.758	74.000
11379.758	85.000
11387.758	98.000
11395.758	96.000
11403.758	108.000
11411.759	95.000
11419.759	102.000
11427.759	93.000
11435.759	93.000
11443.759	104.000
11451.759	93.000
11459.760	84.000
11467.760	104.000
11475.760	106.000
11483.760	110.000
11491.760	96.000
11499.760	96.000
11507.761	98.000
11515.761	99.000
11523.761	88.000
11531.761	109.000
11539.761	87.000
11547.761	110.000
11555.762	97.000
11563.762	101.000
11571.762	92.000
11579.762	105.000
11587.762	113.000
11595.762	109.000
11603.763	100.000
11611.763	99.000
11619.763	104.000
11627.763	79.000
11635.763	86.000
11643.763	102.000
11651.764	91.000
11659.764	97.000
11667.764	77.000
11675.764	94.000
11683.764	92.000
11691.764	89.000
11699.765	86.000
11707.765	91.000
11715.765	75.000
11723.765	81.000
11731.765	87.000
11739.765	84.000
11747.766	73.000
11755.766	69.000
11763.766	94.000
11771.766	74.000
11779.766	62.000
11787.766	83.000
11795.767	64.000
11803.767	55.000
11811.767	70.000
11819.767	69.000
11827.767	51.000
11835.767	74.000
11843.768	68.000
11851.768	70.000
11859.768	71.000
11867.768	67.000
11875.768	49.000
11883.768	43.000
11891.769	55.000
11899.769	62.000
11907.769	59.000
11915.769	54.000
11923.769	58.000
11931.769	56.000
11939.770	56.000
11947.770	46.000
11955.770	62.000
11963.770	59.000
11971.770	65.000
11979.770	50.000
11987.771	64.000
11995.771	65.000
12003.771	59.000
12011.771	54.000
12019.771	50.000
12027.771	52.000
12035.772	48.000
12043.772	50.000
12051.772	62.000
12059.772	53.000
12067.772	42.000
12075.772	50.000
12083.773	61.000
12091.773	62.000
12099.773	57.000
12107.773	49.000
12115.773	62.000
12123.773	61.000
12131.774	67.000
12139.774	63.000
12147.774	74.000
12155.774	64.000
12163.774	55.000
12171.774	55.000
12179.775	66.000
12187.775	74.000
12195.775	77.000
12203.775	67.000
12211.775	67.000
12219.775	47.000
12227.776	70.000
12235.776	73.000
12243.776	67.000
12251.776	57.000
12259.776	67.000
12267.776	68.000
12275.777	64.000
12283.777	51.000
12291.777	78.000
12299.777	57.000
12307.777	59.000
12315.777	56.000
12323.778	64.000
12331.778	70.000
12339.778	63.000
12347.778	65.000
12355.778	58.000
12363.778	65.000
12371.779	68.000
12379.779	62.000
12387.779	64.000
12395.779	59.000
12403.779	57.000
12411.779	52.000
12419.780	61.000
12427.780	64.000
12435.780	51.000
12443.780	54.000
12451.780	61.000
12459.780	49.000
12467.781	51.000
12475.781	57.000
12483.781	69.000
12491.781	43.000
12499.781	64.000
12507.781	55.000
12515.782	60.000
12523.782	42.000
12531.782	54.000
12539.782	32.000
12547.782	49.000
12555.782	35.000
12563.783	46.000
12571.783	50.000
12579.783	44.000
12587.783	35.000
12595.783	42.000
12603.783	44.000
12611.784	52.000
12619.784	44.000
12627.784	26.000
12635.784	50.000
12643.784	30.000
12651.784	39.000
12659.785	30.000
12667.785	33.000
12675.785	27.000
12683.785	41.000
12691.785	44.000
12699.785	38.000
12707.786	35.000
12715.786	46.000
12723.786	43.000
12731.786	37.000
12739.786	24.000
12747.786	29.000
12755.787	31.000
12763.787	42.000
12771.787	41.000
12779.787	24.000
12787.787	43.000
12795.787	29.000
12803.788	38.000
12811.788	22.000
12819.788	44.000
12827.788	29.000
12835.788	40.000
12843.788	31.000
12851.789	39.000
12859.789	39.000
12867.789	32.000
12875.789	24.000
12883.789	37.000
12891.789	45.000
12899.790	25.000
12907.790	30.000
12915.790	37.000
12923.790	40.000
12931.790	41.000
12939.790	40.000
12947.791	38.000
12955.791	42.000
12963.791	38.000
12971.791	50.000
12979.791	42.000
12987.791	25.000
12995.792	28.000
13003.792	39.000
13011.792	54.000
13019.792	45.000
13027.792	46.000
13035.792	32.000
13043.793	49.000
13051.793	40.000
13059.793	29.000
13067.793	38.000
13075.793	37.000
13083.793	29.000
13091.794	33.000
13099.794	41.000
13107.794	39.000
13115.794	38.000
13123.794	33.000
13131.794	37.000
13139.795	36.000
13147.795	42.000
13155.795	33.000
13163.795	42.000
13171.795	31.000
13179.795	44.000
13187.796	41.000
13195.796	38.000
13203.796	32.000
13211.796	46.000
13219.796	47.000
13227.796	37.000
13235.797	39.000
13243.797	36.000
13251.797	28.000
13259.797	39.000
13267.797	46.000
13275.797	30.000
13283.798	33.000
13291.798	30.000
13299.798	26.000
13307.798	36.000
13315.798	22.000
13323.798	30.000
13331.799	35.000
13339.799	23.000
13347.799	30.000
13355.799	20.000
13363.799	24.000
13371.799	23.000
13379.800	20.000
13387.800	33.000
13395.800	20.000
13403.800	15.000
13411.800	27.000
13419.800	26.000
13427.801	32.000
13435.801	23.000
13443.801	30.000
13451.801	22.000
13459.801	23.000
13467.801	18.000
13475.802	24.000
13483.802	17.000
13491.802	22.000
13499.802	21.000
13507.802	20.000
13515.802	20.000
13523.803	17.000
13531.803	21.000
13539.803	18.000
13547.803	26.000
13555.803	19.000
13563.803	18.000
13571.804	25.000
13579.804	21.000
13587.804	30.000
13595.804	30.000
13603.804	29.000
13611.804	31.000
13619.805	18.000
13627.805	26.000
13635.805	23.000
13643.805	25.000
13651.805	26.000
13659.805	21.000
13667.806	25.000
13675.806	25.000
13683.806	30.000
13691.806	24.000
13699.806	33.000
13707.806	29.000
13715.807	27.000
13723.807	32.000
13731.807	31.000
13739.807	24.000
13747.807	18.000
13755.807	22.000
13763.808	18.000
13771.808	34.000
13779.808	22.000
13787.808	25.000
13795.808	29.000
13803.808	31.000
13811.809	22.000
13819.809	38.000
13827.809	28.000
13835.809	25.000
13843.809	39.000
13851.809	30.000
13859.810	35.000
13867.810	27.000
13875.810	29.000
13883.810	30.000
13891.810	20.000
13899.810	36.000
13907.811	36.000
13915.811	22.000
13923.811	34.000
13931.811	29.000
13939.811	25.000
13947.811	22.000
13955.812	27.000
13963.812	40.000
13971.812	31.000
13979.812	35.000
13987.812	19.000
13995.812	28.000
14003.813	33.000
14011.813	21.000
14019.813	33.000
14027.813	29.000
14035.813	26.000
14043.813	31.000
14051.814	24.000
14059.814	30.000
14067.814	22.000
14075.814	23.000
14083.814	27.000
14091.814	17.000
14099.815	22.000
14107.815	26.000
14115.815	35.000
14123.815	19.000
14131.815	29.000
14139.815	20.000
14147.816	19.000
14155.816	18.000
14163.816	16.000
14171.816	26.000
14179.816	27.000
14187.816	23.000
14195.817	12.000
14203.817	12.000
14211.817	17.000
14219.817	23.000
14227.817	18.000
14235.817	14.000
14243.818	23.000
14251.818	15.000
14259.818	13.000
14267.818	14.000
14275.818	20.000
14283.818	14.000
14291.819	11.000
14299.819	18.000
14307.819	14.000
14315.819	18.000
14323.819	11.000
14331.819	21.000
14339.820	17.000
14347.820	17.000
14355.820	20.000
14363.820	20.000
14371.820	20.000
14379.820	15.000
14387.821	12.000
14395.821	16.000
14403.821	16.000
14411.821	23.000
14419.821	28.000
14427.821	18.000
14435.822	15.000
14443.822	16.000
14451.822	15.000
14459.822	13.000
14467.822	17.000
14475.822	20.000
14483.823	23.000
14491.823	20.000
14499.823	13.000
14507.823	18.000
14515.823	12.000
14523.823	23.000
14531.824	18.000
14539.824	24.000
14547.824	23.000
14555.824	20.000
14563.824	31.000
14571.824	27.000
14579.825	23.000
14587.825	26.000
14595.825	25.000
14603.825	27.000
14611.825	29.000
14619.825	22.000
14627.826	20.000
14635.826	18.000
14643.826	26.000
14651.826	31.000
14659.826	21.000
14667.826	17.000
14675.827	20.000
14683.827	22.000
14691.827	27.000
14699.827	20.000
14707.827	31.000
14715.827	22.000
14723.828	20.000
14731.828	26.000
14739.828	19.000
14747.828	20.000
14755.828	20.000
14763.828	18.000
14771.829	21.000
14779.829	28.000
14787.829	31.000
14795.829	25.000
14803.829	17.000
14811.829	23.000
14819.830	23.000
14827.830	19.000
14835.830	24.000
14843.830	29.000
14851.830	16.000
14859.830	18.000
14867.831	18.000
14875.831	12.000
14883.831	21.000
14891.831	19.000
14899.831	31.000
14907.831	21.000
14915.832	20.000
14923.832	25.000
14931.832	17.000
14939.832	13.000
14947.832	23.000
14955.832	18.000
14963.833	23.000
14971.833	15.000
14979.833	15.000
14987.833	15.000
14995.833	16.000
15003.833	19.000
15011.834	19.000
15019.834	13.000
15027.834	14.000
15035.834	20.000
15043.834	20.000
15051.834	17.000
15059.835	12.000
15067.835	17.000
15075.835	11.000
15083.835	16.000
15091.835	21.000
15099.835	15.000
15107.836	16.000
15115.836	11.000
15123.836	19.000
15131.836	8.000
15139.836	17.000
15147.836	15.000
15155.837	15.000
15163.837	17.000
15171.837	13.000
15179.837	14.000
15187.837	12.000
15195.837	13.000
15203.838	16.000
15211.838	16.000
15219.838	20.000
15227.838	12.000
15235.838	17.000
15243.838	21.000
15251.839	23.000
15259.839	23.000
15267.839	15.000
15275.839	18.000
15283.839	11.000
15291.839	21.000
15299.840	20.000
15307.840	16.000
15315.840	19.000
15323.840	26.000
15331.840	26.000
15339.840	28.000
15347.841	24.000
15355.841	19.000
15363.841	23.000
15371.841	21.000
15379.841	27.000
15387.841	21.000
15395.842	24.000
15403.842	29.000
15411.842	24.000
15419.842	23.000
15427.842	22.000
15435.842	21.000
15443.843	18.000
15451.843	24.000
15459.843	24.000
15467.843	26.000
15475.843	29.000
15483.843	23.000
15491.844	31.000
15499.844	26.000
15507.844	26.000
15515.844	32.000
15523.844	25.000
15531.844	24.000
15539.845	19.000
15547.845	23.000
15555.845	28.000
15563.845	23.000
15571.845	23.000
15579.845	24.000
15587.846	26.000
15595.846	25.000
15603.846	23.000
15611.846	22.000
15619.846	16.000
15627.846	25.000
15635.847	14.000
15643.847	29.000
15651.847	27.000
15659.847	29.000
15667.847	20.000
15675.847	18.000
15683.848	18.000
15691.848	17.000
15699.848	19.000
15707.848	12.000
15715.848	15.000
15723.848	15.000
15731.849	21.000
15739.849	16.000
15747.849	14.000
15755.849	24.000
15763.849	23.000
15771.849	11.000
15779.850	19.000
15787.850	14.000
15795.850	17.000
15803.850	25.000
15811.850	11.000
15819.850	14.000
15827.851	22.000
15835.851	16.000
15843.851	15.000
15851.851	15.000
15859.851	20.000
15867.851	10.000
15875.852	13.000
15883.852	16.000
15891.852	17.000
15899.852	22.000
15907.852	26.000
15915.852	14.000
15923.853	21.000
15931.853	25.000
15939.853	12.000
15947.853	20.000
15955.853	20.000
15963.853	13.000
15971.854	11.000
15979.854	13.000
15987.854	20.000
15995.854	18.000
16003.854	19.000
16011.854	14.000
16019.855	23.000
16027.855	9.000
16035.855	19.000
16043.855	16.000
16051.855	18.000
16059.855	18.000
16067.856	27.000
16075.856	25.000
16083.856	15.000
16091.856	24.000
16099.856	13.000
16107.856	23.000
16115.857	18.000
16123.857	25.000
16131.857	23.000
16139.857	19.000
16147.857	24.000
16155.857	17.000
16163.858	24.000
16171.858	27.000
16179.858	19.000
16187.858	28.000
16195.858	19.000
16203.858	30.000
16211.859	21.000
16219.859	35.000
16227.859	23.000
16235.859	19.000
16243.859	22.000
16251.859	37.000
16259.860	30.000
16267.860	21.000
16275.860	27.000
16283.860	33.000
16291.860	27.000
16299.860	39.000
16307.861	18.000
16315.861	22.000
16323.861	35.000
16331.861	39.000
16339.861	34.000
16347.861	22.000
16355.862	18.000
16363.862	33.000
16371.862	27.000
16379.862	29.000
16387.862	31.000
16395.862	35.000
16403.863	28.000
16411.863	22.000
16419.863	27.000
16427.863	27.000
16435.863	33.000
16443.863	21.000
16451.864	34.000
16459.864	27.000
16467.864	34.000
16475.864	19.000
16483.864	13.000
16491.864	19.000
16499.865	24.000
16507.865	28.000
16515.865	22.000
16523.865	25.000
16531.865	23.000
16539.865	23.000
16547.866	34.000
16555.866	22.000
16563.866	19.000
16571.866	17.000
16579.866	23.000
16587.866	17.000
16595.867	16.000
16603.867	21.000
16611.867	16.000
16619.867	19.000
16627.867	24.000
16635.867	18.000
16643.868	18.000
16651.868	30.000
16659.868	19.000
16667.868	26.000
16675.868	22.000
16683.868	21.000
16691.869	15.000
16699.869	25.000
16707.869	18.000
16715.869	21.000
16723.869	23.000
16731.869	23.000
16739.870	22.000
16747.870	20.000
16755.870	19.000
16763.870	17.000
16771.870	19.000
16779.870	28.000
16787.871	22.000
16795.871	20.000
16803.871	21.000
16811.871	29.000
16819.871	16.000
16827.871	17.000
16835.872	28.000
16843.872	17.000
16851.872	27.000
16859.872	26.000
16867.872	20.000
16875.872	21.000
16883.873	25.000
16891.873	25.000
16899.873	21.000
16907.873	24.000
16915.873	32.000
16923.873	29.000
16931.874	33.000
16939.874	23.000
16947.874	36.000
16955.874	46.000
16963.874	26.000
16971.874	19.000
16979.875	36.000
16987.875	24.000
16995.875	30.000
17003.875	32.000
17011.875	36.000
17019.875	41.000
17027.876	26.000
17035.876	42.000
17043.876	32.000
17051.876	30.000
17059.876	35.000
17067.876	26.000
17075.877	35.000
17083.877	29.000
17091.877	43.000
17099.877	29.000
17107.877	40.000
17115.877	35.000
17123.878	39.000
17131.878	39.000
17139.878	33.000
17147.878	29.000
17155.878	31.000
17163.878	33.000
17171.879	40.000
17179.879	37.000
17187.879	31.000
17195.879	34.000
17203.879	38.000
17211.879	36.000
17219.880	34.000
17227.880	31.000
17235.880	38.000
17243.880	37.000
17251.880	22.000
17259.880	27.000
17267.881	20.000
17275.881	18.000
17283.881	28.000
17291.881	31.000
17299.881	27.000
17307.881	25.000
17315.882	33.000
17323.882	34.000
17331.882	32.000
17339.882	34.000
17347.882	22.000
17355.882	26.000
17363.883	18.000
17371.883	21.000
17379.883	28.000
17387.883	33.000
17395.883	25.000
17403.883	24.000
17411.884	24.000
17419.884	22.000
17427.884	23.000
17435.884	33.000
17443.884	19.000
17451.884	17.000
17459.885	24.000
17467.885	27.000
17475.885	25.000
17483.885	23.000
17491.885	24.000
17499.885	25.000
17507.886	23.000
17515.886	23.000
17523.886	19.000
17531.886	23.000
17539.886	22.000
17547.886	19.000
17555.887	23.000
17563.887	30.000
17571.887	32.000
17579.887	20.000
17587.887	23.000
17595.887	28.000
17603.888	29.000
17611.888	36.000
17619.888	27.000
17627.888	37.000
17635.888	29.000
17643.888	25.000
17651.889	38.000
17659.889	32.000
17667.889	34.000
17675.889	40.000
17683.889	36.000
17691.889	34.000
17699.890	33.000
17707.890	39.000
17715.890	35.000
17723.890	36.000
17731.890	27.000
17739.890	36.000
17747.891	33.000
17755.891	46.000
17763.891	26.000
17771.891	39.000
17779.891	42.000
17787.891	40.000
17795.892	33.000
17803.892	38.000
17811.892	56.000
17819.892	39.000
17827.892	31.000
17835.892	45.000
17843.893	49.000
17851.893	47.000
17859.893	48.000
17867.893	38.000
17875.893	51.000
17883.893	32.000
17891.894	51.000
17899.894	38.000
17907.894	51.000
17915.894	44.000
17923.894	32.000
17931.894	43.000
17939.895	43.000
17947.895	47.000
17955.895	47.000
17963.895	42.000
17971.895	46.000
17979.895	46.000
17987.896	49.000
17995.896	42.000
18003.896	36.000
18011.896	38.000
18019.896	34.000
18027.896	37.000
18035.897	41.000
18043.897	41.000
18051.897	32.000
18059.897	36.000
18067.897	34.000
18075.897	39.000
18083.898	43.000
18091.898	37.000
18099.898	33.000
18107.898	37.000
18115.898	35.000
18123.898	40.000
18131.899	44.000
18139.899	23.000
18147.899	35.000
18155.899	31.000
18163.899	33.000
18171.899	28.000
18179.900	31.000
18187.900	26.000
18195.900	30.000
18203.900	37.000
18211.900	27.000
18219.900	33.000
18227.901	37.000
18235.901	39.000
18243.901	31.000
18251.901	28.000
18259.901	33.000
18267.901	31.000
18275.902	24.000
18283.902	20.000
18291.902	22.000
18299.902	35.000
18307.902	30.000
18315.902	35.000
18323.903	28.000
18331.903	38.000
18339.903	35.000
18347.903	30.000
18355.903	34.000
18363.903	30.000
18371.904	32.000
18379.904	43.000
18387.904	35.000
18395.904	29.000
18403.904	43.000
18411.904	35.000
18419.905	33.000
18427.905	42.000
18435.905	38.000
18443.905	33.000
18451.905	33.000
18459.905	39.000
18467.906	40.000
18475.906	40.000
18483.906	45.000
18491.906	45.000
18499.906	50.000
18507.906	34.000
18515.907	49.000
18523.907	42.000
18531.907	48.000
18539.907	37.000
18547.907	42.000
18555.907	49.000
18563.908	55.000
18571.908	48.000
18579.908	43.000
18587.908	50.000
18595.908	55.000
18603.908	47.000
18611.909	60.000
18619.909	45.000
18627.909	49.000
18635.909	49.000
18643.909	56.000
18651.909	38.000
18659.910	53.000
18667.910	50.000
18675.910	54.000
18683.910	62.000
18691.910	67.000
18699.910	57.000
18707.911	51.000
18715.911	58.000
18723.911	55.000
18731.911	52.000
18739.911	57.000
18747.911	59.000
18755.912	59.000
18763.912	66.000
18771.912	57.000
18779.912	59.000
18787.912	62.000
18795.912	59.000
18803.913	43.000
18811.913	54.000
18819.913	65.000
18827.913	36.000
18835.913	38.000
18843.913	44.000
18851.914	50.000
18859.914	38.000
18867.914	57.000
18875.914	47.000
18883.914	67.000
18891.914	39.000
18899.915	55.000
18907.915	38.000
18915.915	38.000
18923.915	47.000
18931.915	47.000
18939.915	46.000
18947.916	49.000
18955.916	45.000
18963.916	54.000
18971.916	37.000
18979.916	38.000
18987.916	42.000
18995.917	46.000
19003.917	46.000
19011.917	46.000
19019.917	47.000
19027.917	35.000
19035.917	37.000
19043.918	36.000
19051.918	43.000
19059.918	44.000
19067.918	45.000
19075.918	53.000
19083.918	34.000
19091.919	34.000
19099.919	41.000
19107.919	50.000
19115.919	44.000
19123.919	53.000
19131.919	49.000
19139.920	47.000
19147.920	33.000
19155.920	52.000
19163.920	36.000
19171.920	39.000
19179.920	49.000
19187.921	50.000
19195.921	46.000
19203.921	43.000
19211.921	46.000
19219.921	34.000
19227.921	42.000
19235.922	43.000
19243.922	46.000
19251.922	56.000
19259.922	46.000
19267.922	55.000
19275.922	54.000
19283.923	49.000
19291.923	51.000
19299.923	62.000
19307.923	51.000
19315.923	53.000
19323.923	58.000
19331.924	65.000
19339.924	63.000
19347.924	60.000
19355.924	50.000
19363.924	71.000
19371.924	55.000
19379.925	63.000
19387.925	64.000
19395.925	46.000
19403.925	68.000
19411.925	50.000
19419.925	66.000
19427.926	73.000
19435.926	68.000
19443.926	66.000
19451.926	64.000
19459.926	70.000
19467.926	56.000
19475.927	73.000
19483.927	63.000
19491.927	77.000
19499.927	67.000
19507.927	68.000
19515.927	77.000
19523.928	74.000
19531.928	68.000
19539.928	65.000
19547.928	76.000
19555.928	82.000
19563.928	63.000
19571.929	57.000
19579.929	50.000
19587.929	73.000
19595.929	72.000
19603.929	62.000
19611.929	70.000
19619.930	55.000
19627.930	60.000
19635.930	70.000
19643.930	57.000
19651.930	70.000
19659.930	61.000
19667.931	61.000
19675.931	55.000
19683.931	56.000
19691.931	48.000
19699.931	57.000
19707.931	42.000
19715.932	70.000
19723.932	66.000
19731.932	61.000
19739.932	46.000
19747.932	61.000
19755.932	63.000
19763.933	61.000
19771.933	49.000
19779.933	56.000
19787.933	49.000
19795.933	50.000
19803.933	51.000
19811.934	56.000
19819.934	50.000
19827.934	50.000
19835.934	56.000
19843.934	50.000
19851.934	53.000
19859.935	39.000
19867.935	45.000
19875.935	50.000
19883.935	54.000
19891.935	55.000
19899.935	52.000
19907.936	59.000
19915.936	53.000
19923.936	43.000
19931.936	49.000
19939.936	52.000
19947.936	53.000
19955.937	42.000
19963.937	61.000
19971.937	46.000
19979.937	52.000
19987.937	50.000
19995.937	57.000
20003.938	47.000
20011.938	50.000
20019.938	56.000
20027.938	49.000
20035.938	69.000
20043.938	62.000
20051.939	55.000
20059.939	53.000
20067.939	65.000
20075.939	60.000
20083.939	51.000
20091.939	74.000
20099.940	71.000
20107.940	69.000
20115.940	65.000
20123.940	65.000
20131.940	79.000
20139.940	76.000
20147.941	63.000
20155.941	63.000
20163.941	67.000
20171.941	72.000
20179.941	66.000
20187.941	57.000
20195.942	67.000
20203.942	78.000
20211.942	78.000
20219.942	79.000
20227.942	65.000
20235.942	66.000
20243.943	81.000
20251.943	104.000
20259.943	87.000
20267.943	90.000
20275.943	89.000
20283.943	90.000
20291.944	90.000
20299.944	89.000
20307.944	93.000
20315.944	73.000
20323.944	80.000
20331.944	78.000
20339.945	79.000
20347.945	87.000
20355.945	84.000
20363.945	87.000
20371.945	79.000
20379.945	77.000
20387.946	67.000
20395.946	78.000
20403.946	93.000
20411.946	80.000
20419.946	76.000
20427.946	83.000
20435.947	67.000
20443.947	84.000
20451.947	79.000
20459.947	76.000
20467.947	70.000
20475.947	78.000
20483.948	69.000
20491.948	78.000
20499.948	80.000
20507.948	70.000
20515.948	82.000
20523.948	80.000
20531.949	57.000
20539.949	72.000
20547.949	69.000
20555.949	58.000
20563.949	72.000
20571.949	68.000
20579.950	74.000
20587.950	80.000
20595.950	60.000
20603.950	75.000
20611.950	53.000
20619.950	55.000
20627.951	64.000
20635.951	71.000
20643.951	66.000
20651.951	61.000
20659.951	57.000
20667.951	65.000
20675.952	70.000
20683.952	53.000
20691.952	53.000
20699.952	50.000
20707.952	64.000
20715.952	48.000
20723.953	53.000
20731.953	58.000
20739.953	59.000
20747.953	72.000
20755.953	51.000
20763.953	70.000
20771.954	68.000
20779.954	72.000
20787.954	60.000
20795.954	60.000
20803.954	57.000
20811.954	59.000
20819.955	70.000
20827.955	78.000
20835.955	69.000
20843.955	75.000
20851.955	80.000
20859.955	70.000
20867.956	74.000
20875.956	86.000
20883.956	79.000
20891.956	77.000
20899.956	79.000
20907.956	67.000
20915.957	78.000
20923.957	73.000
20931.957	84.000
20939.957	75.000
20947.957	83.000
20955.957	71.000
20963.958	96.000
20971.958	87.000
20979.958	90.000
20987.958	91.000
20995.958	93.000
21003.958	88.000
21011.959	100.000
21019.959	107.000
21027.959	89.000
21035.959	104.000
21043.959	81.000
21051.959	82.000
21059.960	91.000
21067.960	91.000
21075.960	88.000
21083.960	90.000
21091.960	90.000
21099.960	95.000
21107.961	96.000
21115.961	99.000
21123.961	90.000
21131.961	82.000
21139.961	116.000
21147.961	91.000
21155.962	95.000
21163.962	116.000
21171.962	103.000
21179.962	108.000
21187.962	106.000
21195.962	106.000
21203.963	84.000
21211.963	96.000
21219.963	112.000
21227.963	91.000
21235.963	101.000
21243.963	100.000
21251.964	96.000
21259.964	93.000
21267.964	97.000
21275.964	91.000
21283.964	83.000
21291.964	124.000
21299.965	86.000
21307.965	94.000
21315.965	69.000
21323.965	75.000
21331.965	81.000
21339.965	86.000
21347.966	85.000
21355.966	66.000
21363.966	89.000
21371.966	87.000
21379.966	71.000
21387.966	78.000
21395.967	68.000
21403.967	73.000
21411.967	74.000
21419.967	68.000
21427.967	80.000
21435.967	90.000
21443.968	67.000
21451.968	67.000
21459.968	59.000
21467.968	67.000
21475.968	60.000
21483.968	72.000
21491.969	85.000
21499.969	59.000
21507.969	68.000
21515.969	67.000
21523.969	71.000
21531.969	88.000
21539.970	80.000
21547.970	66.000
21555.970	68.000
21563.970	70.000
21571.970	75.000
21579.970	80.000
21587.971	90.000
21595.971	85.000
21603.971	91.000
21611.971	108.000
21619.971	94.000
21627.971	86.000
21635.972	84.000
21643.972	98.000
21651.972	74.000
21659.972	74.000
21667.972	87.000
21675.972	87.000
21683.973	78.000
21691.973	99.000
21699.973	84.000
21707.973	92.000
21715.973	109.000
21723.973	101.000
21731.974	85.000
21739.974	98.000
21747.974	95.000
21755.974	104.000
21763.974	121.000
21771.974	106.000
21779.975	94.000
21787.975	108.000
21795.975	73.000
21803.975	98.000
21811.975	91.000
21819.975	106.000
21827.976	113.000
21835.976	112.000
21843.976	121.000
21851.976	109.000
21859.976	98.000
21867.976	128.000
21875.977	109.000
21883.977	104.000
21891.977	125.000
21899.977	109.000
21907.977	119.000
21915.977	110.000
21923.978	114.000
21931.978	105.000
21939.978	123.000
21947.978	115.000
21955.978	118.000
21963.978	123.000
21971.979	103.000
21979.979	120.000
21987.979	115.000
21995.979	95.000
22003.979	129.000
22011.979	101.000
22019.980	122.000
22027.980	112.000
22035.980	110.000
22043.980	118.000
22051.980	112.000
22059.980	134.000
22067.981	110.000
22075.981	108.000
22083.981	88.000
22091.981	111.000
22099.981	89.000
22107.981	112.000
22115.982	104.000
22123.982	95.000
22131.982	110.000
22139.982	82.000
22147.982	102.000
22155.982	76.000
22163.983	97.000
22171.983	90.000
22179.983	94.000
22187.983	84.000
22195.983	72.000
22203.983	63.000
22211.984	89.000
22219.984	88.000
22227.984	93.000
22235.984	77.000
22243.984	77.000
22251.984	74.000
22259.985	86.000
22267.985	86.000
22275.985	72.000
22283.985	94.000
22291.985	75.000
22299.985	86.000
22307.986	89.000
22315.986	79.000
22323.986	79.000
22331.986	87.000
22339.986	92.000
22347.986	67.000
22355.987	74.000
22363.987	78.000
22371.987	91.000
22379.987	85.000
22387.987	76.000
22395.987	76.000
22403.988	88.000
22411.988	88.000
22419.988	91.000
22427.988	85.000
22435.988	89.000
22443.988	92.000
22451.989	76.000
22459.989	101.000
22467.989	92.000
22475.989	97.000
22483.989	96.000
22491.989	95.000
22499.990	110.000
22507.990	83.000
22515.990	110.000
22523.990	83.000
22531.990	119.000
22539.990	101.000
22547.991	97.000
22555.991	98.000
22563.991	108.000
22571.991	101.000
22579.991	90.000
22587.991	97.000
22595.992	119.000
22603.992	112.000
22611.992	112.000
22619.992	117.000
22627.992	102.000
22635.992	111.000
22643.993	110.000
22651.993	129.000
22659.993	127.000
22667.993	120.000
22675.993	113.000
22683.993	130.000
22691.994	117.000
22699.994	129.000
22707.994	125.000
22715.994	125.000
22723.994	128.000
22731.994	112.000
22739.995	125.000
22747.995	117.000
22755.995	136.000
22763.995	131.000
22771.995	133.000
22779.995	106.000
22787.996	135.000
22795.996	124.000
22803.996	124.000
22811.996	124.000
22819.996	137.000
22827.996	120.000
22835.997	123.000
22843.997	117.000
22851.997	136.000
22859.997	114.000
22867.997	123.000
22875.997	113.000
22883.998	125.000
22891.998	129.000
22899.998	112.000
22907.998	113.000
22915.998	116.000
22923.998	113.000
22931.999	98.000
22939.999	112.000
22947.999	111.000
22955.999	114.000
22963.999	125.000
22971.999	92.000
22980.000	83.000
22988.000	102.000
22996.000	91.000
