-996.500	0.000
-988.500	0.000
-980.500	0.000
-972.499	0.000
-964.499	0.000
-956.499	0.000
-948.499	0.000
-940.499	0.000
-932.499	0.000
-924.498	0.000
-916.498	0.000
-908.498	0.000
-900.498	0.000
-892.498	0.000
-884.498	0.000
-876.497	0.000
-868.497	0.000
-860.497	0.000
-852.497	0.000
-844.497	0.000
-836.497	0.000
-828.496	1.000
-820.496	0.000
-812.496	0.000
-804.496	0.000
-796.496	0.000
-788.496	1.000
-780.495	0.000
-772.495	0.000
-764.495	1.000
-756.495	0.000
-748.495	0.000
-740.495	3.000
-732.494	0.000
-724.494	2.000
-716.494	2.000
-708.494	1.000
-700.494	1.000
-692.494	3.000
-684.493	2.000
-676.493	2.000
-668.493	1.000
-660.493	2.000
-652.493	3.000
-644.493	2.000
-636.492	4.000
-628.492	10.000
-620.492	6.000
-612.492	3.000
-604.492	9.000
-596.492	6.000
-588.491	10.000
-580.491	11.000
-572.491	10.000
-564.491	12.000
-556.491	15.000
-548.491	20.000
-540.490	19.000
-532.490	21.000
-524.490	23.000
-516.490	27.000
-508.490	26.000
-500.490	38.000
-492.489	36.000
-484.489	25.000
-476.489	35.000
-468.489	52.000
-460.489	58.000
-452.489	59.000
-444.488	65.000
-436.488	70.000
-428.488	83.000
-420.488	99.000
-412.488	110.000
-404.488	126.000
-396.487	143.000
-388.487	107.000
-380.487	165.000
-372.487	195.000
-364.487	201.000
-356.487	204.000
-348.486	241.000
-340.486	255.000
-332.486	308.000
-324.486	309.000
-316.486	362.000
-308.486	357.000
-300.485	403.000
-292.485	492.000
-284.485	480.000
-276.485	534.000
-268.485	587.000
-260.485	624.000
-252.484	664.000
-244.484	663.000
-236.484	761.000
-228.484	787.000
-220.484	867.000
-212.484	927.000
-204.483	888.000
-196.483	1002.000
-188.483	1121.000
-180.483	1145.000
-172.483	1234.000
-164.483	1203.000
-156.482	1272.000
-148.482	1336.000
-140.482	1435.000
-132.482	1464.000
-124.482	1482.000
-116.482	1560.000
-108.481	1623.000
-100.481	1591.000
-92.481	1590.000
-84.481	1680.000
-76.481	1686.000
-68.481	1723.000
-60.480	1632.000
-52.480	1718.000
-44.480	1753.000
-36.480	1735.000
-28.480	1701.000
-20.480	1737.000
-12.479	1734.000
-4.479	1622.000
3.521	1691.000
11.521	1653.000
19.521	1561.000
27.521	1541.000
35.522	1521.000
43.522	1529.000
51.522	1494.000
59.522	1461.000
67.522	1445.000
75.522	1360.000
83.523	1352.000
91.523	1350.000
99.523	1239.000
107.523	1275.000
115.523	1174.000
123.523	1199.000
131.524	1138.000
139.524	1055.000
147.524	1077.000
155.524	1032.000
163.524	1044.000
171.524	1003.000
179.525	960.000
187.525	982.000
195.525	972.000
203.525	921.000
211.525	978.000
219.525	914.000
227.526	823.000
235.526	898.000
243.526	860.000
251.526	917.000
259.526	931.000
267.526	942.000
275.527	888.000
283.527	924.000
291.527	905.000
299.527	960.000
307.527	984.000
315.527	1024.000
323.528	957.000
331.528	953.000
339.528	1005.000
347.528	1019.000
355.528	1035.000
363.528	1067.000
371.529	1071.000
379.529	1031.000
387.529	1107.000
395.529	1066.000
403.529	1099.000
411.529	1025.000
419.530	1123.000
427.530	1117.000
435.530	1065.000
443.530	1127.000
451.530	1130.000
459.530	1179.000
467.531	1168.000
475.531	1181.000
483.531	1176.000
491.531	1214.000
499.531	1172.000
507.531	1197.000
515.532	1177.000
523.532	1146.000
531.532	1166.000
539.532	1143.000
547.532	1188.000
555.532	1165.000
563.533	1216.000
571.533	1101.000
579.533	1048.000
587.533	1090.000
595.533	1066.000
603.533	1082.000
611.534	1001.000
619.534	1073.000
627.534	1025.000
635.534	921.000
643.534	1043.000
651.534	990.000
659.535	958.000
667.535	862.000
675.535	886.000
683.535	872.000
691.535	830.000
699.535	827.000
707.536	774.000
715.536	798.000
723.536	788.000
731.536	793.000
739.536	756.000
747.536	727.000
755.537	683.000
763.537	662.000
771.537	668.000
779.537	691.000
787.537	670.000
795.537	695.000
803.538	659.000
811.538	673.000
819.538	648.000
827.538	595.000
835.538	612.000
843.538	645.000
851.539	628.000
859.539	617.000
867.539	643.000
875.539	625.000
883.539	578.000
891.539	602.000
899.540	634.000
907.540	645.000
915.540	622.000
923.540	633.000
931.540	646.000
939.540	646.000
947.541	712.000
955.541	711.000
963.541	698.000
971.541	696.000
979.541	704.000
987.541	756.000
995.542	720.000
1003.542	730.000
1011.542	747.000
1019.542	753.000
1027.542	782.000
1035.542	755.000
1043.543	796.000
1051.543	768.000
1059.543	793.000
1067.543	785.000
1075.543	786.000
1083.543	866.000
1091.544	838.000
1099.544	841.000
1107.544	905.000
1115.544	858.000
1123.544	859.000
1131.544	843.000
1139.545	891.000
1147.545	777.000
1155.545	806.000
1163.545	833.000
1171.545	836.000
1179.545	878.000
1187.546	846.000
1195.546	802.000
1203.546	814.000
1211.546	821.000
1219.546	815.000
1227.546	785.000
1235.547	786.000
1243.547	738.000
1251.547	723.000
1259.547	773.000
1267.547	701.000
1275.547	745.000
1283.548	687.000
1291.548	704.000
1299.548	679.000
1307.548	644.000
1315.548	640.000
1323.548	683.000
1331.549	647.000
1339.549	594.000
1347.549	602.000
1355.549	625.000
1363.549	538.000
1371.549	556.000
1379.550	549.000
1387.550	538.000
1395.550	507.000
1403.550	517.000
1411.550	529.000
1419.550	515.000
1427.551	479.000
1435.551	505.000
1443.551	492.000
1451.551	506.000
1459.551	520.000
1467.551	526.000
1475.552	465.000
1483.552	530.000
1491.552	458.000
1499.552	518.000
1507.552	501.000
1515.552	525.000
1523.553	549.000
1531.553	532.000
1539.553	577.000
1547.553	577.000
1555.553	531.000
1563.553	576.000
1571.554	614.000
1579.554	601.000
1587.554	605.000
1595.554	662.000
1603.554	626.000
1611.554	669.000
1619.555	671.000
1627.555	739.000
1635.555	727.000
1643.555	645.000
1651.555	714.000
1659.555	748.000
1667.556	756.000
1675.556	782.000
1683.556	788.000
1691.556	802.000
1699.556	830.000
1707.556	791.000
1715.557	795.000
1723.557	845.000
1731.557	824.000
1739.557	854.000
1747.557	807.000
1755.557	831.000
1763.558	791.000
1771.558	801.000
1779.558	822.000
1787.558	849.000
1795.558	814.000
1803.558	797.000
1811.559	824.000
1819.559	788.000
1827.559	764.000
1835.559	779.000
1843.559	772.000
1851.559	799.000
1859.560	819.000
1867.560	742.000
1875.560	746.000
1883.560	699.000
1891.560	691.000
1899.560	648.000
1907.561	693.000
1915.561	662.000
1923.561	697.000
1931.561	663.000
1939.561	602.000
1947.561	656.000
1955.562	628.000
1963.562	626.000
1971.562	604.000
1979.562	637.000
1987.562	568.000
1995.562	565.000
2003.563	514.000
2011.563	563.000
2019.563	525.000
2027.563	532.000
2035.563	519.000
2043.563	509.000
2051.564	513.000
2059.564	517.000
2067.564	514.000
2075.564	519.000
2083.564	543.000
2091.564	524.000
2099.565	497.000
2107.565	551.000
2115.565	515.000
2123.565	544.000
2131.565	575.000
2139.565	574.000
2147.566	546.000
2155.566	518.000
2163.566	555.000
2171.566	612.000
2179.566	601.000
2187.566	649.000
2195.567	630.000
2203.567	650.000
2211.567	656.000
2219.567	662.000
2227.567	667.000
2235.567	641.000
2243.568	700.000
2251.568	683.000
2259.568	706.000
2267.568	771.000
2275.568	746.000
2283.568	748.000
2291.569	740.000
2299.569	779.000
2307.569	818.000
2315.569	822.000
2323.569	843.000
2331.569	794.000
2339.570	870.000
2347.570	839.000
2355.570	917.000
2363.570	895.000
2371.570	839.000
2379.570	910.000
2387.571	884.000
2395.571	895.000
2403.571	853.000
2411.571	859.000
2419.571	833.000
2427.571	917.000
2435.572	863.000
2443.572	903.000
2451.572	859.000
2459.572	789.000
2467.572	756.000
2475.572	857.000
2483.573	819.000
2491.573	830.000
2499.573	847.000
2507.573	761.000
2515.573	746.000
2523.573	725.000
2531.574	724.000
2539.574	733.000
2547.574	678.000
2555.574	693.000
2563.574	690.000
2571.574	709.000
2579.575	642.000
2587.575	642.000
2595.575	592.000
2603.575	610.000
2611.575	641.000
2619.575	602.000
2627.576	617.000
2635.576	621.000
2643.576	556.000
2651.576	545.000
2659.576	576.000
2667.576	526.000
2675.577	567.000
2683.577	610.000
2691.577	581.000
2699.577	582.000
2707.577	549.000
2715.577	533.000
2723.578	581.000
2731.578	529.000
2739.578	532.000
2747.578	555.000
2755.578	573.000
2763.578	561.000
2771.579	545.000
2779.579	579.000
2787.579	581.000
2795.579	613.000
2803.579	650.000
2811.579	672.000
2819.580	681.000
2827.580	627.000
2835.580	692.000
2843.580	728.000
2851.580	661.000
2859.580	689.000
2867.581	720.000
2875.581	768.000
2883.581	729.000
2891.581	764.000
2899.581	757.000
2907.581	778.000
2915.582	809.000
2923.582	836.000
2931.582	788.000
2939.582	877.000
2947.582	816.000
2955.582	870.000
2963.583	862.000
2971.583	899.000
2979.583	882.000
2987.583	843.000
2995.583	860.000
3003.583	904.000
3011.584	812.000
3019.584	869.000
3027.584	936.000
3035.584	862.000
3043.584	851.000
3051.584	860.000
3059.585	852.000
3067.585	858.000
3075.585	876.000
3083.585	854.000
3091.585	827.000
3099.585	791.000
3107.586	797.000
3115.586	814.000
3123.586	767.000
3131.586	793.000
3139.586	780.000
3147.586	727.000
3155.587	736.000
3163.587	765.000
3171.587	738.000
3179.587	668.000
3187.587	713.000
3195.587	703.000
3203.588	660.000
3211.588	632.000
3219.588	620.000
3227.588	667.000
3235.588	574.000
3243.588	622.000
3251.589	605.000
3259.589	586.000
3267.589	603.000
3275.589	589.000
3283.589	565.000
3291.589	579.000
3299.590	599.000
3307.590	586.000
3315.590	579.000
3323.590	573.000
3331.590	572.000
3339.590	509.000
3347.591	565.000
3355.591	585.000
3363.591	572.000
3371.591	557.000
3379.591	562.000
3387.591	598.000
3395.592	539.000
3403.592	612.000
3411.592	600.000
3419.592	592.000
3427.592	604.000
3435.592	626.000
3443.593	665.000
3451.593	656.000
3459.593	652.000
3467.593	633.000
3475.593	663.000
3483.593	688.000
3491.594	709.000
3499.594	703.000
3507.594	682.000
3515.594	717.000
3523.594	741.000
3531.594	796.000
3539.595	783.000
3547.595	774.000
3555.595	805.000
3563.595	817.000
3571.595	809.000
3579.595	823.000
3587.596	814.000
3595.596	838.000
3603.596	849.000
3611.596	845.000
3619.596	877.000
3627.596	829.000
3635.597	912.000
3643.597	868.000
3651.597	834.000
3659.597	873.000
3667.597	875.000
3675.597	811.000
3683.598	822.000
3691.598	870.000
3699.598	840.000
3707.598	846.000
3715.598	793.000
3723.598	770.000
3731.599	795.000
3739.599	812.000
3747.599	813.000
3755.599	786.000
3763.599	782.000
3771.599	751.000
3779.600	749.000
3787.600	720.000
3795.600	712.000
3803.600	634.000
3811.600	692.000
3819.600	658.000
3827.601	624.000
3835.601	618.000
3843.601	640.000
3851.601	609.000
3859.601	588.000
3867.601	583.000
3875.602	607.000
3883.602	568.000
3891.602	591.000
3899.602	536.000
3907.602	547.000
3915.602	547.000
3923.603	534.000
3931.603	489.000
3939.603	552.000
3947.603	548.000
3955.603	553.000
3963.603	537.000
3971.604	591.000
3979.604	532.000
3987.604	515.000
3995.604	513.000
4003.604	524.000
4011.604	588.000
4019.605	601.000
4027.605	572.000
4035.605	595.000
4043.605	614.000
4051.605	562.000
4059.605	575.000
4067.606	606.000
4075.606	595.000
4083.606	569.000
4091.606	647.000
4099.606	635.000
4107.606	628.000
4115.607	665.000
4123.607	640.000
4131.607	657.000
4139.607	674.000
4147.607	735.000
4155.607	705.000
4163.608	790.000
4171.608	727.000
4179.608	738.000
4187.608	730.000
4195.608	795.000
4203.608	735.000
4211.609	746.000
4219.609	798.000
4227.609	735.000
4235.609	778.000
4243.609	760.000
4251.609	825.000
4259.610	790.000
4267.610	820.000
4275.610	774.000
4283.610	795.000
4291.610	784.000
4299.610	801.000
4307.611	798.000
4315.611	770.000
4323.611	755.000
4331.611	785.000
4339.611	760.000
4347.611	734.000
4355.612	743.000
4363.612	705.000
4371.612	770.000
4379.612	715.000
4387.612	711.000
4395.612	689.000
4403.613	670.000
4411.613	652.000
4419.613	645.000
4427.613	658.000
4435.613	666.000
4443.613	629.000
4451.614	616.000
4459.614	578.000
4467.614	570.000
4475.614	602.000
4483.614	561.000
4491.614	572.000
4499.615	580.000
4507.615	552.000
4515.615	553.000
4523.615	482.000
4531.615	507.000
4539.615	543.000
4547.616	535.000
4555.616	516.000
4563.616	542.000
4571.616	468.000
4579.616	474.000
4587.616	490.000
4595.617	496.000
4603.617	543.000
4611.617	481.000
4619.617	482.000
4627.617	503.000
4635.617	459.000
4643.618	500.000
4651.618	532.000
4659.618	496.000
4667.618	498.000
4675.618	534.000
4683.618	496.000
4691.619	570.000
4699.619	534.000
4707.619	533.000
4715.619	508.000
4723.619	607.000
4731.619	575.000
4739.620	594.000
4747.620	619.000
4755.620	647.000
4763.620	631.000
4771.620	671.000
4779.620	635.000
4787.621	650.000
4795.621	669.000
4803.621	715.000
4811.621	647.000
4819.621	656.000
4827.621	695.000
4835.622	678.000
4843.622	718.000
4851.622	743.000
4859.622	672.000
4867.622	707.000
4875.622	722.000
4883.623	736.000
4891.623	694.000
4899.623	737.000
4907.623	754.000
4915.623	720.000
4923.623	712.000
4931.624	687.000
4939.624	766.000
4947.624	739.000
4955.624	715.000
4963.624	693.000
4971.624	700.000
4979.625	695.000
4987.625	662.000
4995.625	683.000
5003.625	660.000
5011.625	639.000
5019.625	689.000
5027.626	639.000
5035.626	616.000
5043.626	627.000
5051.626	573.000
5059.626	651.000
5067.626	612.000
5075.627	574.000
5083.627	589.000
5091.627	546.000
5099.627	576.000
5107.627	527.000
5115.627	563.000
5123.628	535.000
5131.628	537.000
5139.628	510.000
5147.628	498.000
5155.628	500.000
5163.628	506.000
5171.629	489.000
5179.629	496.000
5187.629	438.000
5195.629	501.000
5203.629	476.000
5211.629	475.000
5219.630	438.000
5227.630	487.000
5235.630	473.000
5243.630	455.000
5251.630	463.000
5259.630	475.000
5267.631	429.000
5275.631	462.000
5283.631	470.000
5291.631	468.000
5299.631	499.000
5307.631	472.000
5315.632	516.000
5323.632	528.000
5331.632	485.000
5339.632	514.000
5347.632	501.000
5355.632	544.000
5363.633	548.000
5371.633	561.000
5379.633	566.000
5387.633	576.000
5395.633	566.000
5403.633	601.000
5411.634	577.000
5419.634	563.000
5427.634	622.000
5435.634	564.000
5443.634	637.000
5451.634	637.000
5459.635	660.000
5467.635	662.000
5475.635	651.000
5483.635	646.000
5491.635	643.000
5499.635	673.000
5507.636	666.000
5515.636	719.000
5523.636	674.000
5531.636	687.000
5539.636	627.000
5547.636	681.000
5555.637	661.000
5563.637	621.000
5571.637	660.000
5579.637	688.000
5587.637	620.000
5595.637	669.000
5603.638	663.000
5611.638	659.000
5619.638	678.000
5627.638	596.000
5635.638	605.000
5643.638	601.000
5651.639	603.000
5659.639	593.000
5667.639	567.000
5675.639	549.000
5683.639	547.000
5691.639	530.000
5699.640	535.000
5707.640	538.000
5715.640	540.000
5723.640	516.000
5731.640	528.000
5739.640	492.000
5747.641	492.000
5755.641	464.000
5763.641	472.000
5771.641	455.000
5779.641	434.000
5787.641	435.000
5795.642	424.000
5803.642	422.000
5811.642	448.000
5819.642	416.000
5827.642	411.000
5835.642	415.000
5843.643	434.000
5851.643	418.000
5859.643	415.000
5867.643	404.000
5875.643	412.000
5883.643	448.000
5891.644	430.000
5899.644	457.000
5907.644	440.000
5915.644	443.000
5923.644	432.000
5931.644	403.000
5939.645	441.000
5947.645	465.000
5955.645	462.000
5963.645	488.000
5971.645	460.000
5979.645	449.000
5987.646	511.000
5995.646	491.000
6003.646	493.000
6011.646	504.000
6019.646	501.000
6027.646	485.000
6035.647	563.000
6043.647	546.000
6051.647	554.000
6059.647	555.000
6067.647	580.000
6075.647	633.000
6083.648	551.000
6091.648	589.000
6099.648	602.000
6107.648	587.000
6115.648	594.000
6123.648	602.000
6131.649	572.000
6139.649	610.000
6147.649	632.000
6155.649	644.000
6163.649	625.000
6171.649	653.000
6179.650	647.000
6187.650	606.000
6195.650	621.000
6203.650	625.000
6211.650	590.000
6219.650	616.000
6227.651	617.000
6235.651	568.000
6243.651	611.000
6251.651	632.000
6259.651	567.000
6267.651	604.000
6275.652	528.000
6283.652	540.000
6291.652	549.000
6299.652	521.000
6307.652	541.000
6315.652	528.000
6323.653	491.000
6331.653	483.000
6339.653	519.000
6347.653	430.000
6355.653	487.000
6363.653	451.000
6371.654	428.000
6379.654	458.000
6387.654	465.000
6395.654	423.000
6403.654	416.000
6411.654	420.000
6419.655	427.000
6427.655	384.000
6435.655	429.000
6443.655	421.000
6451.655	394.000
6459.655	387.000
6467.656	417.000
6475.656	386.000
6483.656	383.000
6491.656	388.000
6499.656	410.000
6507.656	393.000
6515.657	395.000
6523.657	398.000
6531.657	388.000
6539.657	378.000
6547.657	407.000
6555.657	387.000
6563.658	412.000
6571.658	450.000
6579.658	371.000
6587.658	424.000
6595.658	426.000
6603.658	422.000
6611.659	501.000
6619.659	483.000
6627.659	447.000
6635.659	450.000
6643.659	464.000
6651.659	517.000
6659.660	493.000
6667.660	510.000
6675.660	520.000
6683.660	480.000
6691.660	522.000
6699.660	537.000
6707.661	606.000
6715.661	506.000
6723.661	550.000
6731.661	541.000
6739.661	531.000
6747.661	531.000
6755.662	611.000
6763.662	537.000
6771.662	549.000
6779.662	566.000
6787.662	599.000
6795.662	611.000
6803.663	558.000
6811.663	620.000
6819.663	551.000
6827.663	586.000
6835.663	616.000
6843.663	611.000
6851.664	569.000
6859.664	540.000
6867.664	551.000
6875.664	538.000
6883.664	584.000
6891.664	540.000
6899.665	546.000
6907.665	545.000
6915.665	460.000
6923.665	511.000
6931.665	528.000
6939.665	469.000
6947.666	486.000
6955.666	566.000
6963.666	481.000
6971.666	451.000
6979.666	432.000
6987.666	444.000
6995.667	437.000
7003.667	424.000
7011.667	403.000
7019.667	415.000
7027.667	419.000
7035.667	447.000
7043.668	413.000
7051.668	401.000
7059.668	357.000
7067.668	408.000
7075.668	390.000
7083.668	384.000
7091.669	349.000
7099.669	377.000
7107.669	356.000
7115.669	361.000
7123.669	360.000
7131.669	367.000
7139.670	357.000
7147.670	352.000
7155.670	369.000
7163.670	348.000
7171.670	362.000
7179.670	382.000
7187.671	358.000
7195.671	393.000
7203.671	372.000
7211.671	397.000
7219.671	387.000
7227.671	422.000
7235.672	433.000
7243.672	408.000
7251.672	398.000
7259.672	419.000
7267.672	438.000
7275.672	422.000
7283.673	416.000
7291.673	432.000
7299.673	446.000
7307.673	440.000
7315.673	480.000
7323.673	488.000
7331.674	492.000
7339.674	467.000
7347.674	517.000
7355.674	486.000
7363.674	495.000
7371.674	501.000
7379.675	538.000
7387.675	564.000
7395.675	542.000
7403.675	500.000
7411.675	545.000
7419.675	557.000
7427.676	516.000
7435.676	556.000
7443.676	530.000
7451.676	541.000
7459.676	516.000
7467.676	525.000
7475.677	514.000
7483.677	519.000
7491.677	516.000
7499.677	493.000
7507.677	524.000
7515.677	533.000
7523.678	530.000
7531.678	522.000
7539.678	492.000
7547.678	514.000
7555.678	478.000
7563.678	454.000
7571.679	446.000
7579.679	457.000
7587.679	464.000
7595.679	407.000
7603.679	432.000
7611.679	428.000
7619.680	417.000
7627.680	397.000
7635.680	393.000
7643.680	358.000
7651.680	385.000
7659.680	361.000
7667.681	355.000
7675.681	386.000
7683.681	347.000
7691.681	361.000
7699.681	356.000
7707.681	347.000
7715.682	339.000
7723.682	329.000
7731.682	339.000
7739.682	336.000
7747.682	337.000
7755.682	328.000
7763.683	324.000
7771.683	328.000
7779.683	323.000
7787.683	335.000
7795.683	356.000
7803.683	337.000
7811.684	309.000
7819.684	320.000
7827.684	330.000
7835.684	358.000
7843.684	330.000
7851.684	369.000
7859.685	354.000
7867.685	371.000
7875.685	370.000
7883.685	343.000
7891.685	366.000
7899.685	379.000
7907.686	414.000
7915.686	392.000
7923.686	387.000
7931.686	441.000
7939.686	404.000
7947.686	427.000
7955.687	428.000
7963.687	451.000
7971.687	412.000
7979.687	433.000
7987.687	467.000
7995.687	432.000
8003.688	465.000
8011.688	453.000
8019.688	429.000
8027.688	486.000
8035.688	428.000
8043.688	441.000
8051.689	458.000
8059.689	497.000
8067.689	440.000
8075.689	466.000
8083.689	478.000
8091.689	477.000
8099.690	443.000
8107.690	446.000
8115.690	473.000
8123.690	481.000
8131.690	475.000
8139.690	489.000
8147.691	454.000
8155.691	515.000
8163.691	484.000
8171.691	514.000
8179.691	452.000
8187.691	451.000
8195.692	403.000
8203.692	416.000
8211.692	419.000
8219.692	430.000
8227.692	429.000
8235.692	403.000
8243.693	389.000
8251.693	428.000
8259.693	384.000
8267.693	375.000
8275.693	365.000
8283.693	336.000
8291.694	335.000
8299.694	272.000
8307.694	344.000
8315.694	335.000
8323.694	319.000
8331.694	348.000
8339.695	330.000
8347.695	308.000
8355.695	288.000
8363.695	312.000
8371.695	293.000
8379.695	300.000
8387.696	315.000
8395.696	279.000
8403.696	284.000
8411.696	283.000
8419.696	273.000
8427.696	307.000
8435.697	301.000
8443.697	286.000
8451.697	314.000
8459.697	288.000
8467.697	315.000
8475.697	289.000
8483.698	308.000
8491.698	310.000
8499.698	305.000
8507.698	305.000
8515.698	318.000
8523.698	322.000
8531.699	341.000
8539.699	335.000
8547.699	360.000
8555.699	341.000
8563.699	341.000
8571.699	347.000
8579.700	356.000
8587.700	362.000
8595.700	359.000
8603.700	369.000
8611.700	375.000
8619.700	389.000
8627.701	410.000
8635.701	409.000
8643.701	396.000
8651.701	385.000
8659.701	396.000
8667.701	395.000
8675.702	442.000
8683.702	405.000
8691.702	413.000
8699.702	417.000
8707.702	413.000
8715.702	387.000
8723.703	421.000
8731.703	380.000
8739.703	426.000
8747.703	394.000
8755.703	391.000
8763.703	415.000
8771.704	417.000
8779.704	395.000
8787.704	372.000
8795.704	378.000
8803.704	392.000
8811.704	417.000
8819.705	361.000
8827.705	343.000
8835.705	382.000
8843.705	361.000
8851.705	379.000
8859.705	374.000
8867.706	338.000
8875.706	359.000
8883.706	350.000
8891.706	314.000
8899.706	326.000
8907.706	335.000
8915.707	255.000
8923.707	293.000
8931.707	336.000
8939.707	291.000
8947.707	286.000
8955.707	291.000
8963.708	291.000
8971.708	280.000
8979.708	265.000
8987.708	264.000
8995.708	289.000
9003.708	267.000
9011.709	240.000
9019.709	285.000
9027.709	273.000
9035.709	261.000
9043.709	270.000
9051.709	258.000
9059.710	247.000
9067.710	264.000
9075.710	268.000
9083.710	299.000
9091.710	250.000
9099.710	252.000
9107.711	299.000
9115.711	267.000
9123.711	281.000
9131.711	253.000
9139.711	274.000
9147.711	267.000
9155.712	266.000
9163.712	288.000
9171.712	295.000
9179.712	284.000
9187.712	276.000
9195.712	277.000
9203.713	274.000
9211.713	295.000
9219.713	289.000
9227.713	298.000
9235.713	333.000
9243.713	306.000
9251.714	304.000
9259.714	307.000
9267.714	326.000
9275.714	325.000
9283.714	326.000
9291.714	355.000
9299.715	324.000
9307.715	326.000
9315.715	351.000
9323.715	342.000
9331.715	348.000
9339.715	351.000
9347.716	364.000
9355.716	346.000
9363.716	343.000
9371.716	377.000
9379.716	330.000
9387.716	343.000
9395.717	335.000
9403.717	343.000
9411.717	340.000
9419.717	359.000
9427.717	334.000
9435.717	341.000
9443.718	308.000
9451.718	326.000
9459.718	318.000
9467.718	295.000
9475.718	337.000
9483.718	303.000
9491.719	327.000
9499.719	305.000
9507.719	295.000
9515.719	304.000
9523.719	277.000
9531.719	258.000
9539.720	280.000
9547.720	262.000
9555.720	269.000
9563.720	266.000
9571.720	254.000
9579.720	248.000
9587.721	250.000
9595.721	271.000
9603.721	256.000
9611.721	230.000
9619.721	235.000
9627.721	256.000
9635.722	230.000
9643.722	222.000
9651.722	236.000
9659.722	229.000
9667.722	216.000
9675.722	195.000
9683.723	219.000
9691.723	215.000
9699.723	196.000
9707.723	207.000
9715.723	200.000
9723.723	224.000
9731.724	207.000
9739.724	217.000
9747.724	213.000
9755.724	219.000
9763.724	230.000
9771.724	204.000
9779.725	202.000
9787.725	219.000
9795.725	242.000
9803.725	217.000
9811.725	243.000
9819.725	221.000
9827.726	235.000
9835.726	238.000
9843.726	240.000
9851.726	220.000
9859.726	245.000
9867.726	241.000
9875.727	235.000
9883.727	249.000
9891.727	256.000
9899.727	274.000
9907.727	264.000
9915.727	242.000
9923.728	284.000
9931.728	262.000
9939.728	259.000
9947.728	283.000
9955.728	288.000
9963.728	279.000
9971.729	273.000
9979.729	285.000
9987.729	304.000
9995.729	280.000
10003.729	264.000
10011.729	273.000
10019.730	296.000
10027.730	268.000
10035.730	277.000
10043.730	283.000
10051.730	251.000
10059.730	260.000
10067.731	274.000
10075.731	243.000
10083.731	280.000
10091.731	263.000
10099.731	259.000
10107.731	260.000
10115.732	244.000
10123.732	255.000
10131.732	254.000
10139.732	228.000
10147.732	232.000
10155.732	236.000
10163.733	228.000
10171.733	225.000
10179.733	227.000
10187.733	225.000
10195.733	226.000
10203.733	203.000
10211.734	225.000
10219.734	215.000
10227.734	244.000
10235.734	178.000
10243.734	204.000
10251.734	182.000
10259.735	187.000
10267.735	156.000
10275.735	183.000
10283.735	186.000
10291.735	193.000
10299.735	169.000
10307.736	189.000
10315.736	191.000
10323.736	161.000
10331.736	194.000
10339.736	150.000
10347.736	158.000
10355.737	155.000
10363.737	166.000
10371.737	180.000
10379.737	198.000
10387.737	185.000
10395.737	182.000
10403.738	178.000
10411.738	183.000
10419.738	205.000
10427.738	173.000
10435.738	176.000
10443.738	174.000
10451.739	186.000
10459.739	202.000
10467.739	191.000
10475.739	196.000
10483.739	183.000
10491.739	174.000
10499.740	218.000
10507.740	189.000
10515.740	196.000
10523.740	183.000
10531.740	192.000
10539.740	216.000
10547.741	194.000
10555.741	195.000
10563.741	210.000
10571.741	202.000
10579.741	188.000
10587.741	194.000
10595.742	210.000
10603.742	226.000
10611.742	212.000
10619.742	206.000
10627.742	219.000
10635.742	220.000
10643.743	237.000
10651.743	225.000
10659.743	197.000
10667.743	205.000
10675.743	184.000
10683.743	229.000
10691.744	200.000
10699.744	234.000
10707.744	215.000
10715.744	229.000
10723.744	224.000
10731.744	211.000
10739.745	229.000
10747.745	181.000
10755.745	206.000
10763.745	181.000
10771.745	180.000
10779.745	190.000
10787.746	168.000
10795.746	197.000
10803.746	166.000
10811.746	175.000
10819.746	165.000
10827.746	162.000
10835.747	165.000
10843.747	151.000
10851.747	153.000
10859.747	182.000
10867.747	165.000
10875.747	135.000
10883.748	152.000
10891.748	132.000
10899.748	143.000
10907.748	122.000
10915.748	146.000
10923.748	140.000
10931.749	141.000
10939.749	144.000
10947.749	143.000
10955.749	135.000
10963.749	118.000
10971.749	123.000
10979.750	146.000
10987.750	124.000
10995.750	145.000
11003.750	127.000
11011.750	146.000
11019.750	145.000
11027.751	137.000
11035.751	140.000
11043.751	151.000
11051.751	132.000
11059.751	112.000
11067.751	146.000
11075.752	137.000
11083.752	132.000
11091.752	149.000
11099.752	126.000
11107.752	141.000
11115.752	160.000
11123.753	130.000
11131.753	126.000
11139.753	146.000
11147.753	146.000
11155.753	155.000
11163.753	147.000
11171.754	159.000
11179.754	158.000
11187.754	156.000
11195.754	161.000
11203.754	162.000
11211.754	158.000
11219.755	180.000
11227.755	150.000
11235.755	179.000
11243.755	151.000
11251.755	148.000
11259.755	141.000
11267.756	145.000
11275.756	155.000
11283.756	128.000
11291.756	164.000
11299.756	162.000
11307.756	154.000
11315.757	172.000
11323.757	147.000
11331.757	141.000
11339.757	144.000
11347.757	150.000
11355.757	137.000
11363.758	154.000
11371.758	141.000
11379.758	167.000
11387.758	153.000
11395.758	121.000
11403.758	126.000
11411.759	140.000
11419.759	135.000
11427.759	155.000
11435.759	143.000
11443.759	143.000
11451.759	128.000
11459.760	115.000
11467.760	100.000
11475.760	124.000
11483.760	122.000
11491.760	106.000
11499.760	137.000
11507.761	128.000
11515.761	101.000
11523.761	124.000
11531.761	106.000
11539.761	122.000
11547.761	88.000
11555.762	117.000
11563.762	109.000
11571.762	116.000
11579.762	114.000
11587.762	130.000
11595.762	108.000
11603.763	108.000
11611.763	111.000
11619.763	117.000
11627.763	80.000
11635.763	117.000
11643.763	95.000
11651.764	114.000
11659.764	102.000
11667.764	110.000
11675.764	90.000
11683.764	97.000
11691.764	90.000
11699.765	108.000
11707.765	106.000
11715.765	90.000
11723.765	106.000
11731.765	95.000
11739.765	90.000
11747.766	113.000
11755.766	94.000
11763.766	109.000
11771.766	113.000
11779.766	91.000
11787.766	125.000
11795.767	117.000
11803.767	97.000
11811.767	119.000
11819.767	105.000
11827.767	97.000
11835.767	133.000
11843.768	125.000
11851.768	122.000
11859.768	123.000
11867.768	117.000
11875.768	100.000
11883.768	113.000
11891.769	105.000
11899.769	112.000
11907.769	127.000
11915.769	110.000
11923.769	96.000
11931.769	101.000
11939.770	97.000
11947.770	113.000
11955.770	133.000
11963.770	136.000
11971.770	119.000
11979.770	119.000
11987.771	118.000
11995.771	125.000
12003.771	110.000
12011.771	112.000
12019.771	113.000
12027.771	107.000
12035.772	109.000
12043.772	102.000
12051.772	111.000
12059.772	89.000
12067.772	116.000
12075.772	87.000
12083.773	87.000
12091.773	86.000
12099.773	88.000
12107.773	84.000
12115.773	90.000
12123.773	79.000
12131.774	87.000
12139.774	88.000
12147.774	76.000
12155.774	89.000
12163.774	82.000
12171.774	94.000
12179.775	78.000
12187.775	77.000
12195.775	100.000
12203.775	78.000
12211.775	84.000
12219.775	66.000
12227.776	72.000
12235.776	71.000
12243.776	56.000
12251.776	79.000
12259.776	64.000
12267.776	67.000
12275.777	61.000
12283.777	69.000
12291.777	64.000
12299.777	69.000
12307.777	80.000
12315.777	86.000
12323.778	63.000
12331.778	77.000
12339.778	62.000
12347.778	71.000
12355.778	68.000
12363.778	87.000
12371.779	75.000
12379.779	84.000
12387.779	84.000
12395.779	65.000
12403.779	72.000
12411.779	68.000
12419.780	72.000
12427.780	84.000
12435.780	77.000
12443.780	59.000
12451.780	82.000
12459.780	85.000
12467.781	76.000
12475.781	69.000
12483.781	96.000
12491.781	87.000
12499.781	86.000
12507.781	81.000
12515.782	85.000
12523.782	87.000
12531.782	77.000
12539.782	93.000
12547.782	79.000
12555.782	79.000
12563.783	92.000
12571.783	77.000
12579.783	90.000
12587.783	85.000
12595.783	68.000
12603.783	66.000
12611.784	83.000
12619.784	78.000
12627.784	88.000
12635.784	83.000
12643.784	64.000
12651.784	81.000
12659.785	74.000
12667.785	81.000
12675.785	77.000
12683.785	61.000
12691.785	67.000
12699.785	61.000
12707.786	71.000
12715.786	66.000
12723.786	62.000
12731.786	76.000
12739.786	68.000
12747.786	68.000
12755.787	79.000
12763.787	58.000
12771.787	63.000
12779.787	69.000
12787.787	64.000
12795.787	69.000
12803.788	54.000
12811.788	51.000
12819.788	49.000
12827.788	49.000
12835.788	50.000
12843.788	46.000
12851.789	56.000
12859.789	66.000
12867.789	48.000
12875.789	61.000
12883.789	45.000
12891.789	51.000
12899.790	48.000
12907.790	60.000
12915.790	48.000
12923.790	53.000
12931.790	56.000
12939.790	47.000
12947.791	37.000
12955.791	58.000
12963.791	64.000
12971.791	57.000
12979.791	43.000
12987.791	52.000
12995.792	61.000
13003.792	42.000
13011.792	52.000
13019.792	58.000
13027.792	43.000
13035.792	53.000
13043.793	57.000
13051.793	48.000
13059.793	56.000
13067.793	56.000
13075.793	73.000
13083.793	57.000
13091.794	60.000
13099.794	59.000
13107.794	44.000
13115.794	49.000
13123.794	58.000
13131.794	52.000
13139.795	60.000
13147.795	67.000
13155.795	64.000
13163.795	70.000
13171.795	61.000
13179.795	58.000
13187.796	67.000
13195.796	50.000
13203.796	66.000
13211.796	64.000
13219.796	51.000
13227.796	64.000
13235.797	53.000
13243.797	44.000
13251.797	44.000
13259.797	61.000
13267.797	58.000
13275.797	56.000
13283.798	51.000
13291.798	53.000
13299.798	45.000
13307.798	65.000
13315.798	44.000
13323.798	42.000
13331.799	36.000
13339.799	55.000
13347.799	46.000
13355.799	44.000
13363.799	63.000
13371.799	43.000
13379.800	45.000
13387.800	35.000
13395.800	44.000
13403.800	39.000
13411.800	47.000
13419.800	49.000
13427.801	35.000
13435.801	45.000
13443.801	47.000
13451.801	40.000
13459.801	71.000
13467.801	36.000
13475.802	43.000
13483.802	29.000
13491.802	40.000
13499.802	39.000
13507.802	37.000
13515.802	35.000
13523.803	37.000
13531.803	48.000
13539.803	28.000
13547.803	40.000
13555.803	36.000
13563.803	42.000
13571.804	35.000
13579.804	29.000
13587.804	37.000
13595.804	61.000
13603.804	48.000
13611.804	36.000
13619.805	34.000
13627.805	42.000
13635.805	29.000
13643.805	49.000
13651.805	44.000
13659.805	35.000
13667.806	35.000
13675.806	24.000
13683.806	39.000
13691.806	21.000
13699.806	33.000
13707.806	29.000
13715.807	50.000
13723.807	37.000
13731.807	33.000
13739.807	37.000
13747.807	37.000
13755.807	42.000
13763.808	31.000
13771.808	47.000
13779.808	44.000
13787.808	40.000
13795.808	43.000
13803.808	32.000
13811.809	36.000
13819.809	50.000
13827.809	33.000
13835.809	47.000
13843.809	45.000
13851.809	32.000
13859.810	32.000
13867.810	41.000
13875.810	34.000
13883.810	44.000
13891.810	34.000
13899.810	42.000
13907.811	47.000
13915.811	54.000
13923.811	33.000
13931.811	33.000
13939.811	38.000
13947.811	38.000
13955.812	31.000
13963.812	34.000
13971.812	30.000
13979.812	39.000
13987.812	28.000
13995.812	22.000
14003.813	32.000
14011.813	32.000
14019.813	35.000
14027.813	44.000
14035.813	30.000
14043.813	21.000
14051.814	31.000
14059.814	30.000
14067.814	33.000
14075.814	36.000
14083.814	28.000
14091.814	39.000
14099.815	28.000
14107.815	25.000
14115.815	25.000
14123.815	24.000
14131.815	23.000
14139.815	29.000
14147.816	31.000
14155.816	43.000
14163.816	27.000
14171.816	25.000
14179.816	22.000
14187.816	33.000
14195.817	35.000
14203.817	20.000
14211.817	33.000
14219.817	24.000
14227.817	25.000
14235.817	28.000
14243.818	22.000
14251.818	23.000
14259.818	25.000
14267.818	21.000
14275.818	29.000
14283.818	21.000
14291.819	22.000
14299.819	24.000
14307.819	27.000
14315.819	31.000
14323.819	28.000
14331.819	22.000
14339.820	37.000
14347.820	29.000
14355.820	24.000
14363.820	30.000
14371.820	21.000
14379.820	29.000
14387.821	29.000
14395.821	36.000
14403.821	26.000
14411.821	21.000
14419.821	33.000
14427.821	25.000
14435.822	26.000
14443.822	31.000
14451.822	34.000
14459.822	23.000
14467.822	31.000
14475.822	33.000
14483.823	24.000
14491.823	39.000
14499.823	32.000
14507.823	37.000
14515.823	33.000
14523.823	27.000
14531.824	29.000
14539.824	30.000
14547.824	29.000
14555.824	28.000
14563.824	26.000
14571.824	29.000
14579.825	28.000
14587.825	36.000
14595.825	21.000
14603.825	31.000
14611.825	24.000
14619.825	28.000
14627.826	28.000
14635.826	28.000
14643.826	22.000
14651.826	24.000
14659.826	16.000
14667.826	26.000
14675.827	29.000
14683.827	21.000
14691.827	20.000
14699.827	14.000
14707.827	23.000
14715.827	25.000
14723.828	34.000
14731.828	13.000
14739.828	19.000
14747.828	25.000
14755.828	14.000
14763.828	22.000
14771.829	19.000
14779.829	16.000
14787.829	15.000
14795.829	18.000
14803.829	18.000
14811.829	22.000
14819.830	25.000
14827.830	15.000
14835.830	18.000
14843.830	14.000
14851.830	25.000
14859.830	10.000
14867.831	20.000
14875.831	20.000
14883.831	19.000
14891.831	9.000
14899.831	13.000
14907.831	36.000
14915.832	17.000
14923.832	17.000
14931.832	17.000
14939.832	16.000
14947.832	16.000
14955.832	24.000
14963.833	19.000
14971.833	23.000
14979.833	25.000
14987.833	20.000
14995.833	26.000
15003.833	22.000
15011.834	14.000
15019.834	19.000
15027.834	14.000
15035.834	15.000
15043.834	15.000
15051.834	18.000
15059.835	19.000
15067.835	14.000
15075.835	19.000
15083.835	18.000
15091.835	22.000
15099.835	27.000
15107.836	11.000
15115.836	25.000
15123.836	22.000
15131.836	24.000
15139.836	24.000
15147.836	26.000
15155.837	17.000
15163.837	28.000
15171.837	24.000
15179.837	22.000
15187.837	21.000
15195.837	18.000
15203.838	20.000
15211.838	21.000
15219.838	24.000
15227.838	17.000
15235.838	16.000
15243.838	14.000
15251.839	18.000
15259.839	21.000
15267.839	9.000
15275.839	16.000
15283.839	8.000
15291.839	24.000
15299.840	12.000
15307.840	17.000
15315.840	18.000
15323.840	21.000
15331.840	11.000
15339.840	22.000
15347.841	14.000
15355.841	18.000
15363.841	17.000
15371.841	14.000
15379.841	16.000
15387.841	10.000
15395.842	16.000
15403.842	14.000
15411.842	14.000
15419.842	10.000
15427.842	17.000
15435.842	12.000
15443.843	21.000
15451.843	6.000
15459.843	13.000
15467.843	16.000
15475.843	17.000
15483.843	13.000
15491.844	15.000
15499.844	15.000
15507.844	16.000
15515.844	8.000
15523.844	14.000
15531.844	8.000
15539.845	13.000
15547.845	8.000
15555.845	12.000
15563.845	16.000
15571.845	14.000
15579.845	19.000
15587.846	21.000
15595.846	11.000
15603.846	14.000
15611.846	10.000
15619.846	13.000
15627.846	12.000
15635.847	20.000
15643.847	17.000
15651.847	19.000
15659.847	16.000
15667.847	16.000
15675.847	21.000
15683.848	15.000
15691.848	18.000
15699.848	11.000
15707.848	16.000
15715.848	16.000
15723.848	18.000
15731.849	15.000
15739.849	18.000
15747.849	18.000
15755.849	9.000
15763.849	10.000
15771.849	15.000
15779.850	15.000
15787.850	18.000
15795.850	12.000
15803.850	18.000
15811.850	15.000
15819.850	25.000
15827.851	13.000
15835.851	17.000
15843.851	15.000
15851.851	18.000
15859.851	16.000
15867.851	11.000
15875.852	18.000
15883.852	19.000
15891.852	17.000
15899.852	15.000
15907.852	16.000
15915.852	13.000
15923.853	10.000
15931.853	11.000
15939.853	11.000
15947.853	9.000
15955.853	7.000
15963.853	12.000
15971.854	12.000
15979.854	13.000
15987.854	12.000
15995.854	7.000
16003.854	8.000
16011.854	8.000
16019.855	16.000
16027.855	11.000
16035.855	15.000
16043.855	13.000
16051.855	7.000
16059.855	13.000
16067.856	14.000
16075.856	11.000
16083.856	10.000
16091.856	7.000
16099.856	14.000
16107.856	11.000
16115.857	5.000
16123.857	10.000
16131.857	9.000
16139.857	12.000
16147.857	7.000
16155.857	8.000
16163.858	10.000
16171.858	12.000
16179.858	13.000
16187.858	12.000
16195.858	6.000
16203.858	12.000
16211.859	9.000
16219.859	12.000
16227.859	12.000
16235.859	12.000
16243.859	9.000
16251.859	7.000
16259.860	10.000
16267.860	12.000
16275.860	16.000
16283.860	13.000
16291.860	15.000
16299.860	10.000
16307.861	19.000
16315.861	9.000
16323.861	15.000
16331.861	10.000
16339.861	12.000
16347.861	9.000
16355.862	13.000
16363.862	10.000
16371.862	13.000
16379.862	8.000
16387.862	12.000
16395.862	10.000
16403.863	11.000
16411.863	18.000
16419.863	8.000
16427.863	11.000
16435.863	12.000
16443.863	12.000
16451.864	7.000
16459.864	15.000
16467.864	13.000
16475.864	9.000
16483.864	14.000
16491.864	12.000
16499.865	11.000
16507.865	15.000
16515.865	18.000
16523.865	9.000
16531.865	11.000
16539.865	13.000
16547.866	8.000
16555.866	6.000
16563.866	10.000
16571.866	11.000
16579.866	18.000
16587.866	11.000
16595.867	10.000
16603.867	7.000
16611.867	6.000
16619.867	10.000
16627.867	9.000
16635.867	7.000
16643.868	8.000
16651.868	9.000
16659.868	10.000
16667.868	7.000
16675.868	9.000
16683.868	7.000
16691.869	4.000
16699.869	12.000
16707.869	11.000
16715.869	12.000
16723.869	8.000
16731.869	12.000
16739.870	10.000
16747.870	6.000
16755.870	13.000
16763.870	6.000
16771.870	7.000
16779.870	11.000
16787.871	3.000
16795.871	7.000
16803.871	10.000
16811.871	12.000
16819.871	7.000
16827.871	8.000
16835.872	10.000
16843.872	8.000
16851.872	7.000
16859.872	9.000
16867.872	7.000
16875.872	6.000
16883.873	8.000
16891.873	8.000
16899.873	7.000
16907.873	12.000
16915.873	13.000
16923.873	5.000
16931.874	8.000
16939.874	8.000
16947.874	3.000
16955.874	7.000
16963.874	2.000
16971.874	9.000
16979.875	9.000
16987.875	12.000
16995.875	15.000
17003.875	10.000
17011.875	5.000
17019.875	10.000
17027.876	5.000
17035.876	8.000
17043.876	8.000
17051.876	5.000
17059.876	11.000
17067.876	7.000
17075.877	12.000
17083.877	6.000
17091.877	6.000
17099.877	10.000
17107.877	7.000
17115.877	6.000
17123.878	12.000
17131.878	11.000
17139.878	8.000
17147.878	9.000
17155.878	8.000
17163.878	14.000
17171.879	7.000
17179.879	5.000
17187.879	6.000
17195.879	10.000
17203.879	6.000
17211.879	8.000
17219.880	8.000
17227.880	7.000
17235.880	5.000
17243.880	4.000
17251.880	8.000
17259.880	7.000
17267.881	8.000
17275.881	7.000
17283.881	10.000
17291.881	6.000
17299.881	6.000
17307.881	7.000
17315.882	4.000
17323.882	13.000
17331.882	4.000
17339.882	6.000
17347.882	2.000
17355.882	8.000
17363.883	3.000
17371.883	8.000
17379.883	5.000
17387.883	6.000
17395.883	6.000
17403.883	4.000
17411.884	5.000
17419.884	5.000
17427.884	4.000
17435.884	9.000
17443.884	6.000
17451.884	3.000
17459.885	8.000
17467.885	4.000
17475.885	5.000
17483.885	6.000
17491.885	3.000
17499.885	5.000
17507.886	7.000
17515.886	2.000
17523.886	9.000
17531.886	8.000
17539.886	14.000
17547.886	6.000
17555.887	7.000
17563.887	6.000
17571.887	5.000
17579.887	7.000
17587.887	6.000
17595.887	8.000
17603.888	6.000
17611.888	3.000
17619.888	11.000
17627.888	3.000
17635.888	9.000
17643.888	9.000
17651.889	2.000
17659.889	6.000
17667.889	10.000
17675.889	4.000
17683.889	8.000
17691.889	5.000
17699.890	4.000
17707.890	7.000
17715.890	7.000
17723.890	6.000
17731.890	2.000
17739.890	8.000
17747.891	6.000
17755.891	7.000
17763.891	6.000
17771.891	7.000
17779.891	11.000
17787.891	5.000
17795.892	7.000
17803.892	5.000
17811.892	9.000
17819.892	7.000
17827.892	5.000
17835.892	3.000
17843.893	7.000
17851.893	11.000
17859.893	8.000
17867.893	9.000
17875.893	5.000
17883.893	4.000
17891.894	6.000
17899.894	4.000
17907.894	5.000
17915.894	4.000
17923.894	9.000
17931.894	4.000
17939.895	6.000
17947.895	5.000
17955.895	5.000
17963.895	5.000
17971.895	2.000
17979.895	2.000
17987.896	5.000
17995.896	2.000
18003.896	6.000
18011.896	6.000
18019.896	9.000
18027.896	7.000
18035.897	6.000
18043.897	9.000
18051.897	8.000
18059.897	8.000
18067.897	4.000
18075.897	4.000
18083.898	2.000
18091.898	5.000
18099.898	4.000
18107.898	4.000
18115.898	5.000
18123.898	7.000
18131.899	6.000
18139.899	4.000
18147.899	8.000
18155.899	10.000
18163.899	5.000
18171.899	6.000
18179.900	5.000
18187.900	3.000
18195.900	3.000
18203.900	3.000
18211.900	6.000
18219.900	8.000
18227.901	5.000
18235.901	6.000
18243.901	4.000
18251.901	9.000
18259.901	5.000
18267.901	3.000
18275.902	5.000
18283.902	5.000
18291.902	11.000
18299.902	8.000
18307.902	1.000
18315.902	4.000
18323.903	7.000
18331.903	5.000
18339.903	5.000
18347.903	1.000
18355.903	5.000
18363.903	5.000
18371.904	1.000
18379.904	4.000
18387.904	5.000
18395.904	4.000
18403.904	2.000
18411.904	5.000
18419.905	3.000
18427.905	2.000
18435.905	3.000
18443.905	9.000
18451.905	2.000
18459.905	1.000
18467.906	3.000
18475.906	9.000
18483.906	7.000
18491.906	2.000
18499.906	7.000
18507.906	4.000
18515.907	6.000
18523.907	0.000
18531.907	3.000
18539.907	6.000
18547.907	8.000
18555.907	4.000
18563.908	5.000
18571.908	8.000
18579.908	8.000
18587.908	1.000
18595.908	3.000
18603.908	4.000
18611.909	4.000
18619.909	5.000
18627.909	2.000
18635.909	8.000
18643.909	1.000
18651.909	6.000
18659.910	6.000
18667.910	2.000
18675.910	6.000
18683.910	0.000
18691.910	4.000
18699.910	1.000
18707.911	6.000
18715.911	4.000
18723.911	7.000
18731.911	5.000
18739.911	7.000
18747.911	2.000
18755.912	7.000
18763.912	4.000
18771.912	2.000
18779.912	2.000
18787.912	3.000
18795.912	3.000
18803.913	3.000
18811.913	5.000
18819.913	2.000
18827.913	3.000
18835.913	4.000
18843.913	3.000
18851.914	2.000
18859.914	4.000
18867.914	3.000
18875.914	5.000
18883.914	7.000
18891.914	3.000
18899.915	4.000
18907.915	5.000
18915.915	6.000
18923.915	5.000
18931.915	4.000
18939.915	5.000
18947.916	5.000
18955.916	9.000
18963.916	5.000
18971.916	6.000
18979.916	6.000
18987.916	3.000
18995.917	7.000
19003.917	8.000
19011.917	3.000
19019.917	1.000
19027.917	4.000
19035.917	7.000
19043.918	6.000
19051.918	5.000
19059.918	3.000
19067.918	6.000
19075.918	9.000
19083.918	6.000
19091.919	1.000
19099.919	1.000
19107.919	7.000
19115.919	7.000
19123.919	5.000
19131.919	4.000
19139.920	7.000
19147.920	4.000
19155.920	4.000
19163.920	2.000
19171.920	4.000
19179.920	4.000
19187.921	2.000
19195.921	1.000
19203.921	3.000
19211.921	5.000
19219.921	10.000
19227.921	1.000
19235.922	3.000
19243.922	2.000
19251.922	3.000
19259.922	4.000
19267.922	3.000
19275.922	6.000
19283.923	8.000
19291.923	3.000
19299.923	5.000
19307.923	4.000
19315.923	2.000
19323.923	5.000
19331.924	3.000
19339.924	8.000
19347.924	4.000
19355.924	2.000
19363.924	3.000
19371.924	2.000
19379.925	3.000
19387.925	3.000
19395.925	6.000
19403.925	3.000
19411.925	6.000
19419.925	3.000
19427.926	5.000
19435.926	3.000
19443.926	2.000
19451.926	4.000
19459.926	2.000
19467.926	4.000
19475.927	5.000
19483.927	5.000
19491.927	1.000
19499.927	3.000
19507.927	5.000
19515.927	7.000
19523.928	3.000
19531.928	3.000
19539.928	4.000
19547.928	6.000
19555.928	2.000
19563.928	3.000
19571.929	6.000
19579.929	5.000
19587.929	3.000
19595.929	4.000
19603.929	4.000
19611.929	3.000
19619.930	2.000
19627.930	3.000
19635.930	2.000
19643.930	4.000
19651.930	3.000
19659.930	2.000
19667.931	2.000
19675.931	1.000
19683.931	4.000
19691.931	1.000
19699.931	4.000
19707.931	2.000
19715.932	7.000
19723.932	1.000
19731.932	8.000
19739.932	6.000
19747.932	0.000
19755.932	3.000
19763.933	5.000
19771.933	2.000
19779.933	5.000
19787.933	4.000
19795.933	7.000
19803.933	0.000
19811.934	2.000
19819.934	2.000
19827.934	1.000
19835.934	2.000
19843.934	0.000
19851.934	2.000
19859.935	1.000
19867.935	5.000
19875.935	0.000
19883.935	4.000
19891.935	1.000
19899.935	0.000
19907.936	3.000
19915.936	4.000
19923.936	3.000
19931.936	5.000
19939.936	1.000
19947.936	2.000
19955.937	4.000
19963.937	3.000
19971.937	3.000
19979.937	2.000
19987.937	5.000
19995.937	4.000
20003.938	0.000
20011.938	3.000
20019.938	3.000
20027.938	1.000
20035.938	4.000
20043.938	3.000
20051.939	3.000
20059.939	0.000
20067.939	5.000
20075.939	2.000
20083.939	1.000
20091.939	3.000
20099.940	5.000
20107.940	1.000
20115.940	3.000
20123.940	1.000
20131.940	3.000
20139.940	1.000
20147.941	6.000
20155.941	5.000
20163.941	1.000
20171.941	2.000
20179.941	5.000
20187.941	6.000
20195.942	3.000
20203.942	5.000
20211.942	2.000
20219.942	2.000
20227.942	2.000
20235.942	3.000
20243.943	5.000
20251.943	3.000
20259.943	7.000
20267.943	3.000
20275.943	2.000
20283.943	4.000
20291.944	7.000
20299.944	4.000
20307.944	7.000
20315.944	2.000
20323.944	0.000
20331.944	5.000
20339.945	6.000
20347.945	1.000
20355.945	4.000
20363.945	3.000
20371.945	3.000
20379.945	0.000
20387.946	3.000
20395.946	2.000
20403.946	2.000
20411.946	4.000
20419.946	4.000
20427.946	2.000
20435.947	5.000
20443.947	4.000
20451.947	3.000
20459.947	0.000
20467.947	3.000
20475.947	1.000
20483.948	7.000
20491.948	1.000
20499.948	1.000
20507.948	4.000
20515.948	2.000
20523.948	2.000
20531.949	1.000
20539.949	9.000
20547.949	5.000
20555.949	6.000
20563.949	4.000
20571.949	2.000
20579.950	1.000
20587.950	5.000
20595.950	7.000
20603.950	3.000
20611.950	4.000
20619.950	0.000
20627.951	2.000
20635.951	2.000
20643.951	2.000
20651.951	2.000
20659.951	3.000
20667.951	3.000
20675.952	4.000
20683.952	4.000
20691.952	1.000
20699.952	3.000
20707.952	3.000
20715.952	0.000
20723.953	3.000
20731.953	4.000
20739.953	3.000
20747.953	2.000
20755.953	3.000
20763.953	3.000
20771.954	3.000
20779.954	3.000
20787.954	2.000
20795.954	4.000
20803.954	1.000
20811.954	2.000
20819.955	1.000
20827.955	0.000
20835.955	6.000
20843.955	2.000
20851.955	4.000
20859.955	3.000
20867.956	1.000
20875.956	2.000
20883.956	3.000
20891.956	6.000
20899.956	4.000
20907.956	3.000
20915.957	4.000
20923.957	5.000
20931.957	3.000
20939.957	0.000
20947.957	1.000
20955.957	3.000
20963.958	7.000
20971.958	1.000
20979.958	1.000
20987.958	3.000
20995.958	1.000
21003.958	2.000
21011.959	4.000
21019.959	4.000
21027.959	2.000
21035.959	3.000
21043.959	0.000
21051.959	6.000
21059.960	5.000
21067.960	3.000
21075.960	4.000
21083.960	2.000
21091.960	2.000
21099.960	5.000
21107.961	4.000
21115.961	5.000
21123.961	2.000
21131.961	1.000
21139.961	1.000
21147.961	8.000
21155.962	1.000
21163.962	3.000
21171.962	0.000
21179.962	2.000
21187.962	3.000
21195.962	1.000
21203.963	5.000
21211.963	0.000
21219.963	1.000
21227.963	1.000
21235.963	4.000
21243.963	1.000
21251.964	4.000
21259.964	3.000
21267.964	4.000
21275.964	1.000
21283.964	1.000
21291.964	0.000
21299.965	3.000
21307.965	5.000
21315.965	3.000
21323.965	2.000
21331.965	3.000
21339.965	2.000
21347.966	3.000
21355.966	3.000
21363.966	2.000
21371.966	2.000
21379.966	6.000
21387.966	0.000
21395.967	4.000
21403.967	5.000
21411.967	2.000
21419.967	0.000
21427.967	3.000
21435.967	1.000
21443.968	2.000
21451.968	2.000
21459.968	1.000
21467.968	5.000
21475.968	4.000
21483.968	3.000
21491.969	2.000
21499.969	4.000
21507.969	2.000
21515.969	2.000
21523.969	3.000
21531.969	3.000
21539.970	4.000
21547.970	2.000
21555.970	2.000
21563.970	3.000
21571.970	1.000
21579.970	0.000
21587.971	2.000
21595.971	2.000
21603.971	7.000
21611.971	1.000
21619.971	3.000
21627.971	2.000
21635.972	2.000
21643.972	4.000
21651.972	3.000
21659.972	4.000
21667.972	1.000
21675.972	3.000
21683.973	1.000
21691.973	2.000
21699.973	4.000
21707.973	2.000
21715.973	3.000
21723.973	1.000
21731.974	1.000
21739.974	3.000
21747.974	1.000
21755.974	2.000
21763.974	1.000
21771.974	2.000
21779.975	4.000
21787.975	1.000
21795.975	2.000
21803.975	3.000
21811.975	4.000
21819.975	2.000
21827.976	3.000
21835.976	2.000
21843.976	0.000
21851.976	4.000
21859.976	4.000
21867.976	2.000
21875.977	1.000
21883.977	4.000
21891.977	4.000
21899.977	2.000
21907.977	3.000
21915.977	2.000
21923.978	1.000
21931.978	3.000
21939.978	2.000
21947.978	6.000
21955.978	4.000
21963.978	1.000
21971.979	3.000
21979.979	2.000
21987.979	5.000
21995.979	1.000
22003.979	2.000
22011.979	6.000
22019.980	4.000
22027.980	2.000
22035.980	2.000
22043.980	3.000
22051.980	1.000
22059.980	1.000
22067.981	0.000
22075.981	2.000
22083.981	2.000
22091.981	5.000
22099.981	4.000
22107.981	3.000
22115.982	2.000
22123.982	3.000
22131.982	3.000
22139.982	3.000
22147.982	1.000
22155.982	0.000
22163.983	4.000
22171.983	4.000
22179.983	0.000
22187.983	3.000
22195.983	1.000
22203.983	1.000
22211.984	4.000
22219.984	3.000
22227.984	4.000
22235.984	3.000
22243.984	3.000
22251.984	3.000
22259.985	2.000
22267.985	2.000
22275.985	2.000
22283.985	1.000
22291.985	2.000
22299.985	5.000
22307.986	3.000
22315.986	3.000
22323.986	1.000
22331.986	3.000
22339.986	2.000
22347.986	2.000
22355.987	0.000
22363.987	3.000
22371.987	2.000
22379.987	2.000
22387.987	1.000
22395.987	2.000
22403.988	4.000
22411.988	4.000
22419.988	5.000
22427.988	5.000
22435.988	1.000
22443.988	2.000
22451.989	3.000
22459.989	1.000
22467.989	1.000
22475.989	2.000
22483.989	2.000
22491.989	2.000
22499.990	2.000
22507.990	2.000
22515.990	3.000
22523.990	5.000
22531.990	3.000
22539.990	4.000
22547.991	2.000
22555.991	2.000
22563.991	1.000
22571.991	2.000
22579.991	1.000
22587.991	3.000
22595.992	1.000
22603.992	1.000
22611.992	1.000
22619.992	1.000
22627.992	1.000
22635.992	2.000
22643.993	4.000
22651.993	2.000
22659.993	5.000
22667.993	2.000
22675.993	1.000
22683.993	3.000
22691.994	1.000
22699.994	4.000
22707.994	2.000
22715.994	2.000
22723.994	1.000
22731.994	3.000
22739.995	3.000
22747.995	6.000
22755.995	2.000
22763.995	4.000
22771.995	2.000
22779.995	1.000
22787.996	2.000
22795.996	2.000
22803.996	3.000
22811.996	3.000
22819.996	4.000
22827.996	6.000
22835.997	0.000
22843.997	1.000
22851.997	3.000
22859.997	2.000
22867.997	0.000
22875.997	2.000
22883.998	6.000
22891.998	2.000
22899.998	1.000
22907.998	1.000
22915.998	2.000
22923.998	5.000
22931.999	3.000
22939.999	3.000
22947.999	5.000
22955.999	1.000
22963.999	2.000
22971.999	4.000
22980.000	2.000
22988.000	3.000
22996.000	3.000
