-996.500	1.000
-988.500	2.000
-980.500	4.000
-972.499	4.000
-964.499	3.000
-956.499	1.000
-948.499	3.000
-940.499	5.000
-932.499	1.000
-924.498	3.000
-916.498	6.000
-908.498	7.000
-900.498	6.000
-892.498	6.000
-884.498	5.000
-876.497	3.000
-868.497	7.000
-860.497	8.000
-852.497	9.000
-844.497	5.000
-836.497	12.000
-828.496	12.000
-820.496	11.000
-812.496	8.000
-804.496	10.000
-796.496	12.000
-788.496	14.000
-780.495	13.000
-772.495	15.000
-764.495	13.000
-756.495	10.000
-748.495	14.000
-740.495	16.000
-732.494	17.000
-724.494	15.000
-716.494	21.000
-708.494	16.000
-700.494	16.000
-692.494	30.000
-684.493	30.000
-676.493	33.000
-668.493	22.000
-660.493	30.000
-652.493	25.000
-644.493	34.000
-636.492	37.000
-628.492	35.000
-620.492	30.000
-612.492	27.000
-604.492	52.000
-596.492	48.000
-588.491	53.000
-580.491	55.000
-572.491	62.000
-564.491	61.000
-556.491	56.000
-548.491	53.000
-540.490	62.000
-532.490	85.000
-524.490	88.000
-516.490	89.000
-508.490	70.000
-500.490	84.000
-492.489	83.000
-484.489	94.000
-476.489	122.000
-468.489	100.000
-460.489	106.000
-452.489	118.000
-444.488	115.000
-436.488	132.000
-428.488	140.000
-420.488	129.000
-412.488	129.000
-404.488	170.000
-396.487	170.000
-388.487	169.000
-380.487	181.000
-372.487	178.000
-364.487	182.000
-356.487	200.000
-348.486	199.000
-340.486	191.000
-332.486	232.000
-324.486	246.000
-316.486	253.000
-308.486	246.000
-300.485	250.000
-292.485	239.000
-284.485	249.000
-276.485	303.000
-268.485	263.000
-260.485	278.000
-252.484	307.000
-244.484	308.000
-236.484	276.000
-228.484	294.000
-220.484	329.000
-212.484	298.000
-204.483	281.000
-196.483	325.000
-188.483	320.000
-180.483	294.000
-172.483	339.000
-164.483	332.000
-156.482	327.000
-148.482	356.000
-140.482	315.000
-132.482	335.000
-124.482	299.000
-116.482	305.000
-108.481	306.000
-100.481	349.000
-92.481	304.000
-84.481	290.000
-76.481	291.000
-68.481	298.000
-60.480	309.000
-52.480	272.000
-44.480	285.000
-36.480	254.000
-28.480	285.000
-20.480	255.000
-12.479	268.000
-4.479	222.000
3.521	212.000
11.521	236.000
19.521	262.000
27.521	224.000
35.522	205.000
43.522	212.000
51.522	193.000
59.522	211.000
67.522	201.000
75.522	208.000
83.523	205.000
91.523	180.000
99.523	186.000
107.523	211.000
115.523	142.000
123.523	181.000
131.524	179.000
139.524	166.000
147.524	151.000
155.524	148.000
163.524	172.000
171.524	177.000
179.525	159.000
187.525	145.000
195.525	150.000
203.525	161.000
211.525	168.000
219.525	131.000
227.526	149.000
235.526	169.000
243.526	155.000
251.526	162.000
259.526	175.000
267.526	168.000
275.527	171.000
283.527	173.000
291.527	177.000
299.527	167.000
307.527	188.000
315.527	179.000
323.528	189.000
331.528	189.000
339.528	185.000
347.528	195.000
355.528	186.000
363.528	172.000
371.529	183.000
379.529	173.000
387.529	189.000
395.529	190.000
403.529	204.000
411.529	207.000
419.530	198.000
427.530	228.000
435.530	221.000
443.530	232.000
451.530	225.000
459.530	240.000
467.531	233.000
475.531	257.000
483.531	220.000
491.531	246.000
499.531	258.000
507.531	252.000
515.532	233.000
523.532	266.000
531.532	261.000
539.532	267.000
547.532	278.000
555.532	295.000
563.533	272.000
571.533	288.000
579.533	302.000
587.533	294.000
595.533	331.000
603.533	339.000
611.534	322.000
619.534	306.000
627.534	357.000
635.534	356.000
643.534	354.000
651.534	383.000
659.535	396.000
667.535	350.000
675.535	375.000
683.535	368.000
691.535	393.000
699.535	416.000
707.536	413.000
715.536	440.000
723.536	406.000
731.536	456.000
739.536	428.000
747.536	446.000
755.537	436.000
763.537	441.000
771.537	476.000
779.537	506.000
787.537	470.000
795.537	510.000
803.538	491.000
811.538	476.000
819.538	507.000
827.538	487.000
835.538	521.000
843.538	541.000
851.539	516.000
859.539	503.000
867.539	533.000
875.539	550.000
883.539	485.000
891.539	536.000
899.540	516.000
907.540	545.000
915.540	486.000
923.540	501.000
931.540	563.000
939.540	526.000
947.541	524.000
955.541	497.000
963.541	482.000
971.541	477.000
979.541	490.000
987.541	505.000
995.542	482.000
1003.542	465.000
1011.542	469.000
1019.542	460.000
1027.542	432.000
1035.542	456.000
1043.543	468.000
1051.543	476.000
1059.543	461.000
1067.543	440.000
1075.543	459.000
1083.543	423.000
1091.544	402.000
1099.544	396.000
1107.544	376.000
1115.544	374.000
1123.544	367.000
1131.544	372.000
1139.545	369.000
1147.545	356.000
1155.545	321.000
1163.545	376.000
1171.545	340.000
1179.545	323.000
1187.546	326.000
1195.546	331.000
1203.546	306.000
1211.546	287.000
1219.546	341.000
1227.546	281.000
1235.547	301.000
1243.547	310.000
1251.547	300.000
1259.547	304.000
1267.547	283.000
1275.547	319.000
1283.548	286.000
1291.548	268.000
1299.548	265.000
1307.548	301.000
1315.548	319.000
1323.548	312.000
1331.549	287.000
1339.549	307.000
1347.549	271.000
1355.549	310.000
1363.549	283.000
1371.549	301.000
1379.550	304.000
1387.550	303.000
1395.550	305.000
1403.550	314.000
1411.550	333.000
1419.550	309.000
1427.551	340.000
1435.551	357.000
1443.551	342.000
1451.551	266.000
1459.551	360.000
1467.551	332.000
1475.552	352.000
1483.552	301.000
1491.552	347.000
1499.552	335.000
1507.552	341.000
1515.552	341.000
1523.553	342.000
1531.553	359.000
1539.553	362.000
1547.553	373.000
1555.553	371.000
1563.553	347.000
1571.554	396.000
1579.554	364.000
1587.554	377.000
1595.554	394.000
1603.554	367.000
1611.554	342.000
1619.555	399.000
1627.555	375.000
1635.555	419.000
1643.555	426.000
1651.555	447.000
1659.555	411.000
1667.556	464.000
1675.556	406.000
1683.556	448.000
1691.556	448.000
1699.556	425.000
1707.556	460.000
1715.557	493.000
1723.557	469.000
1731.557	457.000
1739.557	446.000
1747.557	462.000
1755.557	463.000
1763.558	478.000
1771.558	493.000
1779.558	526.000
1787.558	504.000
1795.558	551.000
1803.558	513.000
1811.559	529.000
1819.559	574.000
1827.559	500.000
1835.559	543.000
1843.559	522.000
1851.559	581.000
1859.560	534.000
1867.560	539.000
1875.560	583.000
1883.560	564.000
1891.560	542.000
1899.560	620.000
1907.561	553.000
1915.561	572.000
1923.561	602.000
1931.561	622.000
1939.561	551.000
1947.561	608.000
1955.562	583.000
1963.562	607.000
1971.562	545.000
1979.562	557.000
1987.562	586.000
1995.562	589.000
2003.563	537.000
2011.563	570.000
2019.563	552.000
2027.563	566.000
2035.563	544.000
2043.563	518.000
2051.564	521.000
2059.564	509.000
2067.564	539.000
2075.564	496.000
2083.564	506.000
2091.564	488.000
2099.565	470.000
2107.565	488.000
2115.565	480.000
2123.565	454.000
2131.565	457.000
2139.565	505.000
2147.566	441.000
2155.566	430.000
2163.566	446.000
2171.566	449.000
2179.566	452.000
2187.566	441.000
2195.567	409.000
2203.567	398.000
2211.567	385.000
2219.567	421.000
2227.567	380.000
2235.567	374.000
2243.568	361.000
2251.568	350.000
2259.568	410.000
2267.568	344.000
2275.568	353.000
2283.568	339.000
2291.569	338.000
2299.569	343.000
2307.569	339.000
2315.569	352.000
2323.569	314.000
2331.569	338.000
2339.570	332.000
2347.570	320.000
2355.570	354.000
2363.570	351.000
2371.570	323.000
2379.570	291.000
2387.571	347.000
2395.571	336.000
2403.571	342.000
2411.571	315.000
2419.571	365.000
2427.571	337.000
2435.572	296.000
2443.572	337.000
2451.572	359.000
2459.572	338.000
2467.572	335.000
2475.572	326.000
2483.573	346.000
2491.573	352.000
2499.573	357.000
2507.573	324.000
2515.573	361.000
2523.573	342.000
2531.574	348.000
2539.574	353.000
2547.574	369.000
2555.574	364.000
2563.574	382.000
2571.574	337.000
2579.575	373.000
2587.575	335.000
2595.575	362.000
2603.575	361.000
2611.575	376.000
2619.575	394.000
2627.576	385.000
2635.576	418.000
2643.576	394.000
2651.576	369.000
2659.576	369.000
2667.576	379.000
2675.577	385.000
2683.577	431.000
2691.577	404.000
2699.577	398.000
2707.577	407.000
2715.577	387.000
2723.578	434.000
2731.578	426.000
2739.578	466.000
2747.578	444.000
2755.578	421.000
2763.578	428.000
2771.579	458.000
2779.579	461.000
2787.579	427.000
2795.579	450.000
2803.579	453.000
2811.579	477.000
2819.580	500.000
2827.580	480.000
2835.580	504.000
2843.580	466.000
2851.580	516.000
2859.580	460.000
2867.581	479.000
2875.581	562.000
2883.581	484.000
2891.581	501.000
2899.581	518.000
2907.581	548.000
2915.582	531.000
2923.582	532.000
2931.582	513.000
2939.582	533.000
2947.582	516.000
2955.582	580.000
2963.583	511.000
2971.583	551.000
2979.583	558.000
2987.583	552.000
2995.583	550.000
3003.583	573.000
3011.584	562.000
3019.584	554.000
3027.584	547.000
3035.584	554.000
3043.584	549.000
3051.584	549.000
3059.585	536.000
3067.585	541.000
3075.585	499.000
3083.585	537.000
3091.585	493.000
3099.585	495.000
3107.586	511.000
3115.586	515.000
3123.586	525.000
3131.586	510.000
3139.586	498.000
3147.586	502.000
3155.587	486.000
3163.587	522.000
3171.587	440.000
3179.587	480.000
3187.587	458.000
3195.587	464.000
3203.588	412.000
3211.588	438.000
3219.588	419.000
3227.588	436.000
3235.588	419.000
3243.588	441.000
3251.589	435.000
3259.589	371.000
3267.589	416.000
3275.589	357.000
3283.589	381.000
3291.589	383.000
3299.590	403.000
3307.590	367.000
3315.590	350.000
3323.590	341.000
3331.590	349.000
3339.590	346.000
3347.591	343.000
3355.591	311.000
3363.591	339.000
3371.591	337.000
3379.591	342.000
3387.591	329.000
3395.592	324.000
3403.592	319.000
3411.592	333.000
3419.592	333.000
3427.592	314.000
3435.592	336.000
3443.593	315.000
3451.593	310.000
3459.593	341.000
3467.593	295.000
3475.593	333.000
3483.593	348.000
3491.594	331.000
3499.594	344.000
3507.594	328.000
3515.594	365.000
3523.594	343.000
3531.594	325.000
3539.595	341.000
3547.595	344.000
3555.595	358.000
3563.595	345.000
3571.595	351.000
3579.595	354.000
3587.596	316.000
3595.596	348.000
3603.596	358.000
3611.596	310.000
3619.596	362.000
3627.596	333.000
3635.597	331.000
3643.597	363.000
3651.597	361.000
3659.597	358.000
3667.597	394.000
3675.597	345.000
3683.598	371.000
3691.598	370.000
3699.598	374.000
3707.598	372.000
3715.598	365.000
3723.598	384.000
3731.599	398.000
3739.599	397.000
3747.599	382.000
3755.599	362.000
3763.599	402.000
3771.599	440.000
3779.600	416.000
3787.600	410.000
3795.600	440.000
3803.600	429.000
3811.600	448.000
3819.600	398.000
3827.601	423.000
3835.601	431.000
3843.601	416.000
3851.601	423.000
3859.601	448.000
3867.601	436.000
3875.602	479.000
3883.602	431.000
3891.602	449.000
3899.602	467.000
3907.602	443.000
3915.602	518.000
3923.603	496.000
3931.603	485.000
3939.603	484.000
3947.603	488.000
3955.603	513.000
3963.603	507.000
3971.604	496.000
3979.604	513.000
3987.604	559.000
3995.604	559.000
4003.604	566.000
4011.604	578.000
4019.605	504.000
4027.605	534.000
4035.605	548.000
4043.605	547.000
4051.605	530.000
4059.605	577.000
4067.606	520.000
4075.606	570.000
4083.606	537.000
4091.606	542.000
4099.606	535.000
4107.606	533.000
4115.607	551.000
4123.607	533.000
4131.607	565.000
4139.607	530.000
4147.607	562.000
4155.607	500.000
4163.608	511.000
4171.608	541.000
4179.608	512.000
4187.608	507.000
4195.608	478.000
4203.608	461.000
4211.609	484.000
4219.609	485.000
4227.609	479.000
4235.609	496.000
4243.609	482.000
4251.609	443.000
4259.610	462.000
4267.610	431.000
4275.610	410.000
4283.610	455.000
4291.610	482.000
4299.610	413.000
4307.611	449.000
4315.611	419.000
4323.611	375.000
4331.611	387.000
4339.611	388.000
4347.611	366.000
4355.612	366.000
4363.612	384.000
4371.612	386.000
4379.612	364.000
4387.612	365.000
4395.612	390.000
4403.613	356.000
4411.613	303.000
4419.613	338.000
4427.613	321.000
4435.613	334.000
4443.613	331.000
4451.614	313.000
4459.614	360.000
4467.614	342.000
4475.614	352.000
4483.614	345.000
4491.614	334.000
4499.615	303.000
4507.615	324.000
4515.615	291.000
4523.615	316.000
4531.615	319.000
4539.615	322.000
4547.616	306.000
4555.616	333.000
4563.616	336.000
4571.616	301.000
4579.616	317.000
4587.616	318.000
4595.617	321.000
4603.617	315.000
4611.617	349.000
4619.617	305.000
4627.617	336.000
4635.617	328.000
4643.618	342.000
4651.618	331.000
4659.618	318.000
4667.618	319.000
4675.618	338.000
4683.618	347.000
4691.619	323.000
4699.619	352.000
4707.619	345.000
4715.619	342.000
4723.619	353.000
4731.619	353.000
4739.620	376.000
4747.620	340.000
4755.620	406.000
4763.620	350.000
4771.620	355.000
4779.620	368.000
4787.621	346.000
4795.621	375.000
4803.621	382.000
4811.621	360.000
4819.621	406.000
4827.621	408.000
4835.622	386.000
4843.622	363.000
4851.622	379.000
4859.622	363.000
4867.622	380.000
4875.622	401.000
4883.623	370.000
4891.623	418.000
4899.623	409.000
4907.623	408.000
4915.623	421.000
4923.623	436.000
4931.624	443.000
4939.624	443.000
4947.624	449.000
4955.624	430.000
4963.624	481.000
4971.624	472.000
4979.625	487.000
4987.625	479.000
4995.625	507.000
5003.625	527.000
5011.625	453.000
5019.625	488.000
5027.626	500.000
5035.626	496.000
5043.626	490.000
5051.626	525.000
5059.626	496.000
5067.626	517.000
5075.627	547.000
5083.627	523.000
5091.627	487.000
5099.627	552.000
5107.627	525.000
5115.627	546.000
5123.628	560.000
5131.628	565.000
5139.628	530.000
5147.628	557.000
5155.628	566.000
5163.628	612.000
5171.629	560.000
5179.629	528.000
5187.629	568.000
5195.629	549.000
5203.629	487.000
5211.629	549.000
5219.630	553.000
5227.630	559.000
5235.630	532.000
5243.630	539.000
5251.630	509.000
5259.630	493.000
5267.631	547.000
5275.631	540.000
5283.631	536.000
5291.631	470.000
5299.631	499.000
5307.631	442.000
5315.632	490.000
5323.632	441.000
5331.632	457.000
5339.632	453.000
5347.632	434.000
5355.632	457.000
5363.633	407.000
5371.633	448.000
5379.633	437.000
5387.633	423.000
5395.633	411.000
5403.633	420.000
5411.634	375.000
5419.634	361.000
5427.634	393.000
5435.634	386.000
5443.634	367.000
5451.634	382.000
5459.635	419.000
5467.635	374.000
5475.635	342.000
5483.635	349.000
5491.635	348.000
5499.635	341.000
5507.636	342.000
5515.636	341.000
5523.636	380.000
5531.636	350.000
5539.636	328.000
5547.636	339.000
5555.637	351.000
5563.637	349.000
5571.637	339.000
5579.637	325.000
5587.637	306.000
5595.637	325.000
5603.638	360.000
5611.638	309.000
5619.638	334.000
5627.638	318.000
5635.638	344.000
5643.638	349.000
5651.639	325.000
5659.639	334.000
5667.639	319.000
5675.639	355.000
5683.639	360.000
5691.639	327.000
5699.640	355.000
5707.640	376.000
5715.640	322.000
5723.640	310.000
5731.640	333.000
5739.640	345.000
5747.641	353.000
5755.641	346.000
5763.641	342.000
5771.641	348.000
5779.641	368.000
5787.641	355.000
5795.642	372.000
5803.642	358.000
5811.642	412.000
5819.642	347.000
5827.642	352.000
5835.642	393.000
5843.643	413.000
5851.643	379.000
5859.643	368.000
5867.643	364.000
5875.643	397.000
5883.643	387.000
5891.644	367.000
5899.644	381.000
5907.644	412.000
5915.644	412.000
5923.644	401.000
5931.644	385.000
5939.645	367.000
5947.645	398.000
5955.645	399.000
5963.645	448.000
5971.645	391.000
5979.645	424.000
5987.646	447.000
5995.646	471.000
6003.646	443.000
6011.646	471.000
6019.646	470.000
6027.646	481.000
6035.647	442.000
6043.647	459.000
6051.647	449.000
6059.647	521.000
6067.647	523.000
6075.647	521.000
6083.648	493.000
6091.648	496.000
6099.648	521.000
6107.648	547.000
6115.648	551.000
6123.648	517.000
6131.649	552.000
6139.649	594.000
6147.649	569.000
6155.649	493.000
6163.649	559.000
6171.649	577.000
6179.650	557.000
6187.650	587.000
6195.650	553.000
6203.650	553.000
6211.650	535.000
6219.650	609.000
6227.651	576.000
6235.651	577.000
6243.651	591.000
6251.651	543.000
6259.651	560.000
6267.651	561.000
6275.652	574.000
6283.652	570.000
6291.652	554.000
6299.652	524.000
6307.652	540.000
6315.652	584.000
6323.653	551.000
6331.653	543.000
6339.653	544.000
6347.653	532.000
6355.653	517.000
6363.653	493.000
6371.654	502.000
6379.654	521.000
6387.654	484.000
6395.654	530.000
6403.654	495.000
6411.654	442.000
6419.655	458.000
6427.655	509.000
6435.655	440.000
6443.655	439.000
6451.655	431.000
6459.655	442.000
6467.656	438.000
6475.656	456.000
6483.656	414.000
6491.656	392.000
6499.656	399.000
6507.656	398.000
6515.657	381.000
6523.657	396.000
6531.657	390.000
6539.657	396.000
6547.657	352.000
6555.657	378.000
6563.658	355.000
6571.658	402.000
6579.658	374.000
6587.658	362.000
6595.658	367.000
6603.658	371.000
6611.659	382.000
6619.659	341.000
6627.659	334.000
6635.659	349.000
6643.659	352.000
6651.659	345.000
6659.660	375.000
6667.660	335.000
6675.660	307.000
6683.660	347.000
6691.660	319.000
6699.660	354.000
6707.661	343.000
6715.661	334.000
6723.661	330.000
6731.661	342.000
6739.661	364.000
6747.661	343.000
6755.662	369.000
6763.662	363.000
6771.662	322.000
6779.662	348.000
6787.662	362.000
6795.662	315.000
6803.663	354.000
6811.663	375.000
6819.663	339.000
6827.663	338.000
6835.663	399.000
6843.663	333.000
6851.664	379.000
6859.664	368.000
6867.664	345.000
6875.664	364.000
6883.664	361.000
6891.664	372.000
6899.665	381.000
6907.665	374.000
6915.665	394.000
6923.665	349.000
6931.665	390.000
6939.665	368.000
6947.666	401.000
6955.666	436.000
6963.666	401.000
6971.666	420.000
6979.666	435.000
6987.666	423.000
6995.667	409.000
7003.667	430.000
7011.667	378.000
7019.667	431.000
7027.667	451.000
7035.667	450.000
7043.668	461.000
7051.668	475.000
7059.668	473.000
7067.668	426.000
7075.668	444.000
7083.668	463.000
7091.669	499.000
7099.669	473.000
7107.669	465.000
7115.669	488.000
7123.669	489.000
7131.669	525.000
7139.670	511.000
7147.670	523.000
7155.670	501.000
7163.670	540.000
7171.670	532.000
7179.670	506.000
7187.671	549.000
7195.671	599.000
7203.671	513.000
7211.671	540.000
7219.671	555.000
7227.671	583.000
7235.672	584.000
7243.672	541.000
7251.672	551.000
7259.672	563.000
7267.672	544.000
7275.672	552.000
7283.673	571.000
7291.673	536.000
7299.673	537.000
7307.673	613.000
7315.673	570.000
7323.673	562.000
7331.674	584.000
7339.674	618.000
7347.674	562.000
7355.674	577.000
7363.674	544.000
7371.674	583.000
7379.675	579.000
7387.675	521.000
7395.675	566.000
7403.675	554.000
7411.675	572.000
7419.675	546.000
7427.676	568.000
7435.676	509.000
7443.676	570.000
7451.676	536.000
7459.676	488.000
7467.676	555.000
7475.677	533.000
7483.677	494.000
7491.677	486.000
7499.677	478.000
7507.677	464.000
7515.677	462.000
7523.678	490.000
7531.678	433.000
7539.678	450.000
7547.678	479.000
7555.678	456.000
7563.678	437.000
7571.679	433.000
7579.679	418.000
7587.679	453.000
7595.679	412.000
7603.679	444.000
7611.679	396.000
7619.680	401.000
7627.680	361.000
7635.680	398.000
7643.680	359.000
7651.680	380.000
7659.680	372.000
7667.681	381.000
7675.681	383.000
7683.681	396.000
7691.681	387.000
7699.681	374.000
7707.681	380.000
7715.682	375.000
7723.682	344.000
7731.682	358.000
7739.682	359.000
7747.682	393.000
7755.682	355.000
7763.683	333.000
7771.683	351.000
7779.683	349.000
7787.683	359.000
7795.683	382.000
7803.683	364.000
7811.684	376.000
7819.684	347.000
7827.684	339.000
7835.684	362.000
7843.684	356.000
7851.684	312.000
7859.685	380.000
7867.685	343.000
7875.685	363.000
7883.685	380.000
7891.685	365.000
7899.685	335.000
7907.686	352.000
7915.686	373.000
7923.686	382.000
7931.686	408.000
7939.686	363.000
7947.686	387.000
7955.687	376.000
7963.687	399.000
7971.687	377.000
7979.687	383.000
7987.687	362.000
7995.687	353.000
8003.688	412.000
8011.688	408.000
8019.688	429.000
8027.688	415.000
8035.688	387.000
8043.688	424.000
8051.689	436.000
8059.689	459.000
8067.689	430.000
8075.689	447.000
8083.689	442.000
8091.689	434.000
8099.690	480.000
8107.690	432.000
8115.690	426.000
8123.690	490.000
8131.690	452.000
8139.690	494.000
8147.691	455.000
8155.691	439.000
8163.691	434.000
8171.691	468.000
8179.691	501.000
8187.691	474.000
8195.692	499.000
8203.692	531.000
8211.692	553.000
8219.692	514.000
8227.692	498.000
8235.692	525.000
8243.693	528.000
8251.693	522.000
8259.693	534.000
8267.693	591.000
8275.693	612.000
8283.693	574.000
8291.694	557.000
8299.694	599.000
8307.694	587.000
8315.694	554.000
8323.694	614.000
8331.694	564.000
8339.695	623.000
8347.695	598.000
8355.695	548.000
8363.695	586.000
8371.695	601.000
8379.695	539.000
8387.696	595.000
8395.696	580.000
8403.696	621.000
8411.696	560.000
8419.696	568.000
8427.696	563.000
8435.697	604.000
8443.697	598.000
8451.697	569.000
8459.697	571.000
8467.697	579.000
8475.697	609.000
8483.698	579.000
8491.698	567.000
8499.698	551.000
8507.698	538.000
8515.698	560.000
8523.698	559.000
8531.699	566.000
8539.699	491.000
8547.699	503.000
8555.699	542.000
8563.699	501.000
8571.699	499.000
8579.700	544.000
8587.700	532.000
8595.700	492.000
8603.700	490.000
8611.700	492.000
8619.700	453.000
8627.701	468.000
8635.701	474.000
8643.701	500.000
8651.701	464.000
8659.701	487.000
8667.701	447.000
8675.702	423.000
8683.702	417.000
8691.702	432.000
8699.702	424.000
8707.702	384.000
8715.702	405.000
8723.703	408.000
8731.703	389.000
8739.703	372.000
8747.703	390.000
8755.703	398.000
8763.703	377.000
8771.704	387.000
8779.704	372.000
8787.704	364.000
8795.704	366.000
8803.704	366.000
8811.704	384.000
8819.705	372.000
8827.705	412.000
8835.705	385.000
8843.705	365.000
8851.705	386.000
8859.705	362.000
8867.706	350.000
8875.706	350.000
8883.706	326.000
8891.706	345.000
8899.706	389.000
8907.706	351.000
8915.707	371.000
8923.707	369.000
8931.707	406.000
8939.707	428.000
8947.707	362.000
8955.707	360.000
8963.708	386.000
8971.708	379.000
8979.708	385.000
8987.708	354.000
8995.708	364.000
9003.708	365.000
9011.709	403.000
9019.709	401.000
9027.709	374.000
9035.709	369.000
9043.709	416.000
9051.709	399.000
9059.710	388.000
9067.710	434.000
9075.710	420.000
9083.710	375.000
9091.710	401.000
9099.710	404.000
9107.711	396.000
9115.711	358.000
9123.711	391.000
9131.711	412.000
9139.711	403.000
9147.711	383.000
9155.712	418.000
9163.712	445.000
9171.712	471.000
9179.712	433.000
9187.712	445.000
9195.712	436.000
9203.713	454.000
9211.713	437.000
9219.713	467.000
9227.713	446.000
9235.713	480.000
9243.713	464.000
9251.714	459.000
9259.714	446.000
9267.714	496.000
9275.714	490.000
9283.714	463.000
9291.714	498.000
9299.715	477.000
9307.715	522.000
9315.715	518.000
9323.715	511.000
9331.715	493.000
9339.715	542.000
9347.716	550.000
9355.716	501.000
9363.716	582.000
9371.716	556.000
9379.716	547.000
9387.716	543.000
9395.717	561.000
9403.717	597.000
9411.717	565.000
9419.717	540.000
9427.717	561.000
9435.717	547.000
9443.718	550.000
9451.718	597.000
9459.718	538.000
9467.718	590.000
9475.718	606.000
9483.718	556.000
9491.719	564.000
9499.719	544.000
9507.719	553.000
9515.719	659.000
9523.719	594.000
9531.719	619.000
9539.720	597.000
9547.720	533.000
9555.720	564.000
9563.720	616.000
9571.720	622.000
9579.720	586.000
9587.721	587.000
9595.721	539.000
9603.721	568.000
9611.721	573.000
9619.721	531.000
9627.721	531.000
9635.722	569.000
9643.722	552.000
9651.722	506.000
9659.722	487.000
9667.722	480.000
9675.722	505.000
9683.723	491.000
9691.723	506.000
9699.723	493.000
9707.723	471.000
9715.723	458.000
9723.723	446.000
9731.724	467.000
9739.724	458.000
9747.724	453.000
9755.724	468.000
9763.724	399.000
9771.724	424.000
9779.725	427.000
9787.725	419.000
9795.725	416.000
9803.725	405.000
9811.725	442.000
9819.725	392.000
9827.726	379.000
9835.726	410.000
9843.726	403.000
9851.726	392.000
9859.726	403.000
9867.726	416.000
9875.727	388.000
9883.727	372.000
9891.727	388.000
9899.727	385.000
9907.727	386.000
9915.727	356.000
9923.728	356.000
9931.728	396.000
9939.728	409.000
9947.728	371.000
9955.728	361.000
9963.728	341.000
9971.729	376.000
9979.729	353.000
9987.729	393.000
9995.729	367.000
10003.729	386.000
10011.729	375.000
10019.730	359.000
10027.730	342.000
10035.730	371.000
10043.730	377.000
10051.730	350.000
10059.730	390.000
10067.731	352.000
10075.731	347.000
10083.731	383.000
10091.731	364.000
10099.731	357.000
10107.731	370.000
10115.732	366.000
10123.732	379.000
10131.732	370.000
10139.732	412.000
10147.732	381.000
10155.732	414.000
10163.733	365.000
10171.733	410.000
10179.733	436.000
10187.733	353.000
10195.733	392.000
10203.733	393.000
10211.734	405.000
10219.734	414.000
10227.734	439.000
10235.734	415.000
10243.734	423.000
10251.734	433.000
10259.735	390.000
10267.735	429.000
10275.735	455.000
10283.735	441.000
10291.735	441.000
10299.735	426.000
10307.736	460.000
10315.736	429.000
10323.736	435.000
10331.736	468.000
10339.736	463.000
10347.736	469.000
10355.737	430.000
10363.737	455.000
10371.737	507.000
10379.737	496.000
10387.737	444.000
10395.737	496.000
10403.738	503.000
10411.738	510.000
10419.738	467.000
10427.738	522.000
10435.738	557.000
10443.738	494.000
10451.739	526.000
10459.739	502.000
10467.739	509.000
10475.739	506.000
10483.739	560.000
10491.739	536.000
10499.740	508.000
10507.740	539.000
10515.740	535.000
10523.740	551.000
10531.740	555.000
10539.740	586.000
10547.741	567.000
10555.741	580.000
10563.741	566.000
10571.741	613.000
10579.741	522.000
10587.741	534.000
10595.742	563.000
10603.742	549.000
10611.742	549.000
10619.742	586.000
10627.742	567.000
10635.742	553.000
10643.743	548.000
10651.743	546.000
10659.743	577.000
10667.743	553.000
10675.743	525.000
10683.743	540.000
10691.744	553.000
10699.744	563.000
10707.744	558.000
10715.744	576.000
10723.744	526.000
10731.744	554.000
10739.745	538.000
10747.745	525.000
10755.745	500.000
10763.745	469.000
10771.745	465.000
10779.745	497.000
10787.746	477.000
10795.746	494.000
10803.746	464.000
10811.746	469.000
10819.746	481.000
10827.746	453.000
10835.747	458.000
10843.747	407.000
10851.747	449.000
10859.747	432.000
10867.747	456.000
10875.747	390.000
10883.748	372.000
10891.748	390.000
10899.748	382.000
10907.748	357.000
10915.748	408.000
10923.748	394.000
10931.749	383.000
10939.749	400.000
10947.749	385.000
10955.749	388.000
10963.749	376.000
10971.749	396.000
10979.750	383.000
10987.750	359.000
10995.750	345.000
11003.750	380.000
11011.750	406.000
11019.750	352.000
11027.751	354.000
11035.751	334.000
11043.751	364.000
11051.751	332.000
11059.751	364.000
11067.751	369.000
11075.752	371.000
11083.752	377.000
11091.752	375.000
11099.752	351.000
11107.752	349.000
11115.752	331.000
11123.753	334.000
11131.753	354.000
11139.753	341.000
11147.753	377.000
11155.753	332.000
11163.753	382.000
11171.754	369.000
11179.754	342.000
11187.754	318.000
11195.754	365.000
11203.754	382.000
11211.754	358.000
11219.755	362.000
11227.755	336.000
11235.755	380.000
11243.755	371.000
11251.755	379.000
11259.755	361.000
11267.756	356.000
11275.756	378.000
11283.756	372.000
11291.756	409.000
11299.756	368.000
11307.756	362.000
11315.757	420.000
11323.757	404.000
11331.757	387.000
11339.757	391.000
11347.757	375.000
11355.757	397.000
11363.758	410.000
11371.758	410.000
11379.758	427.000
11387.758	389.000
11395.758	417.000
11403.758	399.000
11411.759	442.000
11419.759	422.000
11427.759	441.000
11435.759	391.000
11443.759	431.000
11451.759	466.000
11459.760	444.000
11467.760	435.000
11475.760	438.000
11483.760	421.000
11491.760	473.000
11499.760	444.000
11507.761	465.000
11515.761	422.000
11523.761	483.000
11531.761	492.000
11539.761	463.000
11547.761	519.000
11555.762	487.000
11563.762	473.000
11571.762	516.000
11579.762	519.000
11587.762	475.000
11595.762	456.000
11603.763	522.000
11611.763	522.000
11619.763	502.000
11627.763	534.000
11635.763	475.000
11643.763	424.000
11651.764	567.000
11659.764	569.000
11667.764	520.000
11675.764	486.000
11683.764	566.000
11691.764	507.000
11699.765	530.000
11707.765	496.000
11715.765	581.000
11723.765	500.000
11731.765	478.000
11739.765	527.000
11747.766	544.000
11755.766	564.000
11763.766	506.000
11771.766	552.000
11779.766	498.000
11787.766	510.000
11795.767	499.000
11803.767	476.000
11811.767	480.000
11819.767	459.000
11827.767	489.000
11835.767	474.000
11843.768	486.000
11851.768	463.000
11859.768	518.000
11867.768	472.000
11875.768	476.000
11883.768	484.000
11891.769	466.000
11899.769	429.000
11907.769	444.000
11915.769	411.000
11923.769	447.000
11931.769	429.000
11939.770	408.000
11947.770	434.000
11955.770	441.000
11963.770	447.000
11971.770	401.000
11979.770	383.000
11987.771	377.000
11995.771	428.000
12003.771	379.000
12011.771	356.000
12019.771	363.000
12027.771	327.000
12035.772	358.000
12043.772	389.000
12051.772	377.000
12059.772	376.000
12067.772	366.000
12075.772	353.000
12083.773	349.000
12091.773	357.000
12099.773	356.000
12107.773	364.000
12115.773	328.000
12123.773	348.000
12131.774	334.000
12139.774	344.000
12147.774	320.000
12155.774	354.000
12163.774	338.000
12171.774	352.000
12179.775	343.000
12187.775	340.000
12195.775	343.000
12203.775	336.000
12211.775	332.000
12219.775	332.000
12227.776	352.000
12235.776	377.000
12243.776	364.000
12251.776	322.000
12259.776	366.000
12267.776	331.000
12275.777	350.000
12283.777	341.000
12291.777	362.000
12299.777	330.000
12307.777	336.000
12315.777	341.000
12323.778	341.000
12331.778	385.000
12339.778	325.000
12347.778	307.000
12355.778	336.000
12363.778	332.000
12371.779	334.000
12379.779	350.000
12387.779	308.000
12395.779	345.000
12403.779	322.000
12411.779	373.000
12419.780	358.000
12427.780	374.000
12435.780	368.000
12443.780	371.000
12451.780	379.000
12459.780	348.000
12467.781	377.000
12475.781	405.000
12483.781	405.000
12491.781	374.000
12499.781	396.000
12507.781	353.000
12515.782	391.000
12523.782	407.000
12531.782	425.000
12539.782	394.000
12547.782	425.000
12555.782	431.000
12563.783	394.000
12571.783	434.000
12579.783	387.000
12587.783	429.000
12595.783	435.000
12603.783	446.000
12611.784	401.000
12619.784	428.000
12627.784	417.000
12635.784	446.000
12643.784	442.000
12651.784	451.000
12659.785	468.000
12667.785	451.000
12675.785	481.000
12683.785	435.000
12691.785	469.000
12699.785	471.000
12707.786	446.000
12715.786	481.000
12723.786	438.000
12731.786	481.000
12739.786	455.000
12747.786	456.000
12755.787	503.000
12763.787	516.000
12771.787	467.000
12779.787	525.000
12787.787	516.000
12795.787	475.000
12803.788	430.000
12811.788	431.000
12819.788	496.000
12827.788	469.000
12835.788	471.000
12843.788	450.000
12851.789	465.000
12859.789	486.000
12867.789	492.000
12875.789	435.000
12883.789	459.000
12891.789	458.000
12899.790	492.000
12907.790	481.000
12915.790	447.000
12923.790	450.000
12931.790	458.000
12939.790	422.000
12947.791	453.000
12955.791	455.000
12963.791	398.000
12971.791	411.000
12979.791	445.000
12987.791	435.000
12995.792	461.000
13003.792	399.000
13011.792	390.000
13019.792	378.000
13027.792	407.000
13035.792	423.000
13043.793	364.000
13051.793	357.000
13059.793	366.000
13067.793	371.000
13075.793	355.000
13083.793	350.000
13091.794	373.000
13099.794	345.000
13107.794	338.000
13115.794	333.000
13123.794	335.000
13131.794	320.000
13139.795	349.000
13147.795	345.000
13155.795	338.000
13163.795	312.000
13171.795	342.000
13179.795	355.000
13187.796	321.000
13195.796	322.000
13203.796	317.000
13211.796	330.000
13219.796	307.000
13227.796	273.000
13235.797	328.000
13243.797	297.000
13251.797	311.000
13259.797	312.000
13267.797	310.000
13275.797	310.000
13283.798	319.000
13291.798	308.000
13299.798	328.000
13307.798	303.000
13315.798	297.000
13323.798	332.000
13331.799	323.000
13339.799	274.000
13347.799	295.000
13355.799	316.000
13363.799	289.000
13371.799	327.000
13379.800	305.000
13387.800	305.000
13395.800	287.000
13403.800	314.000
13411.800	320.000
13419.800	287.000
13427.801	302.000
13435.801	312.000
13443.801	307.000
13451.801	338.000
13459.801	343.000
13467.801	306.000
13475.802	335.000
13483.802	318.000
13491.802	305.000
13499.802	314.000
13507.802	291.000
13515.802	369.000
13523.803	321.000
13531.803	324.000
13539.803	322.000
13547.803	306.000
13555.803	322.000
13563.803	359.000
13571.804	354.000
13579.804	367.000
13587.804	357.000
13595.804	347.000
13603.804	352.000
13611.804	353.000
13619.805	363.000
13627.805	383.000
13635.805	383.000
13643.805	351.000
13651.805	371.000
13659.805	368.000
13667.806	375.000
13675.806	328.000
13683.806	344.000
13691.806	400.000
13699.806	384.000
13707.806	373.000
13715.807	376.000
13723.807	401.000
13731.807	449.000
13739.807	388.000
13747.807	411.000
13755.807	389.000
13763.808	375.000
13771.808	422.000
13779.808	421.000
13787.808	383.000
13795.808	399.000
13803.808	406.000
13811.809	403.000
13819.809	445.000
13827.809	405.000
13835.809	417.000
13843.809	437.000
13851.809	423.000
13859.810	407.000
13867.810	415.000
13875.810	400.000
13883.810	398.000
13891.810	397.000
13899.810	394.000
13907.811	410.000
13915.811	401.000
13923.811	417.000
13931.811	411.000
13939.811	407.000
13947.811	422.000
13955.812	417.000
13963.812	404.000
13971.812	435.000
13979.812	403.000
13987.812	397.000
13995.812	402.000
14003.813	410.000
14011.813	425.000
14019.813	370.000
14027.813	389.000
14035.813	368.000
14043.813	376.000
14051.814	376.000
14059.814	375.000
14067.814	352.000
14075.814	357.000
14083.814	356.000
14091.814	386.000
14099.815	336.000
14107.815	385.000
14115.815	362.000
14123.815	380.000
14131.815	334.000
14139.815	351.000
14147.816	316.000
14155.816	322.000
14163.816	341.000
14171.816	285.000
14179.816	347.000
14187.816	311.000
14195.817	295.000
14203.817	302.000
14211.817	290.000
14219.817	334.000
14227.817	284.000
14235.817	297.000
14243.818	292.000
14251.818	306.000
14259.818	295.000
14267.818	271.000
14275.818	285.000
14283.818	259.000
14291.819	285.000
14299.819	277.000
14307.819	261.000
14315.819	253.000
14323.819	273.000
14331.819	291.000
14339.820	294.000
14347.820	289.000
14355.820	259.000
14363.820	253.000
14371.820	280.000
14379.820	272.000
14387.821	256.000
14395.821	260.000
14403.821	254.000
14411.821	260.000
14419.821	286.000
14427.821	270.000
14435.822	286.000
14443.822	257.000
14451.822	266.000
14459.822	254.000
14467.822	277.000
14475.822	275.000
14483.823	241.000
14491.823	265.000
14499.823	266.000
14507.823	270.000
14515.823	263.000
14523.823	278.000
14531.824	267.000
14539.824	271.000
14547.824	276.000
14555.824	265.000
14563.824	254.000
14571.824	272.000
14579.825	266.000
14587.825	273.000
14595.825	260.000
14603.825	266.000
14611.825	284.000
14619.825	267.000
14627.826	274.000
14635.826	294.000
14643.826	272.000
14651.826	282.000
14659.826	280.000
14667.826	269.000
14675.827	312.000
14683.827	285.000
14691.827	263.000
14699.827	288.000
14707.827	306.000
14715.827	285.000
14723.828	276.000
14731.828	279.000
14739.828	283.000
14747.828	312.000
14755.828	334.000
14763.828	315.000
14771.829	313.000
14779.829	320.000
14787.829	303.000
14795.829	315.000
14803.829	308.000
14811.829	324.000
14819.830	300.000
14827.830	323.000
14835.830	333.000
14843.830	319.000
14851.830	355.000
14859.830	326.000
14867.831	346.000
14875.831	312.000
14883.831	335.000
14891.831	356.000
14899.831	335.000
14907.831	323.000
14915.832	343.000
14923.832	334.000
14931.832	345.000
14939.832	345.000
14947.832	346.000
14955.832	345.000
14963.833	347.000
14971.833	364.000
14979.833	350.000
14987.833	342.000
14995.833	365.000
15003.833	354.000
15011.834	329.000
15019.834	351.000
15027.834	360.000
15035.834	352.000
15043.834	357.000
15051.834	346.000
15059.835	326.000
15067.835	346.000
15075.835	342.000
15083.835	345.000
15091.835	373.000
15099.835	307.000
15107.836	340.000
15115.836	308.000
15123.836	320.000
15131.836	328.000
15139.836	307.000
15147.836	323.000
15155.837	322.000
15163.837	336.000
15171.837	307.000
15179.837	324.000
15187.837	311.000
15195.837	314.000
15203.838	284.000
15211.838	328.000
15219.838	297.000
15227.838	308.000
15235.838	296.000
15243.838	287.000
15251.839	298.000
15259.839	306.000
15267.839	257.000
15275.839	302.000
15283.839	292.000
15291.839	262.000
15299.840	286.000
15307.840	251.000
15315.840	258.000
15323.840	246.000
15331.840	241.000
15339.840	253.000
15347.841	230.000
15355.841	253.000
15363.841	233.000
15371.841	276.000
15379.841	236.000
15387.841	275.000
15395.842	236.000
15403.842	233.000
15411.842	230.000
15419.842	234.000
15427.842	263.000
15435.842	234.000
15443.843	233.000
15451.843	245.000
15459.843	217.000
15467.843	217.000
15475.843	203.000
15483.843	212.000
15491.844	232.000
15499.844	225.000
15507.844	241.000
15515.844	228.000
15523.844	219.000
15531.844	221.000
15539.845	267.000
15547.845	221.000
15555.845	205.000
15563.845	233.000
15571.845	233.000
15579.845	216.000
15587.846	223.000
15595.846	226.000
15603.846	227.000
15611.846	196.000
15619.846	225.000
15627.846	224.000
15635.847	240.000
15643.847	239.000
15651.847	202.000
15659.847	238.000
15667.847	250.000
15675.847	207.000
15683.848	233.000
15691.848	230.000
15699.848	239.000
15707.848	230.000
15715.848	238.000
15723.848	211.000
15731.849	245.000
15739.849	219.000
15747.849	252.000
15755.849	208.000
15763.849	223.000
15771.849	223.000
15779.850	238.000
15787.850	231.000
15795.850	271.000
15803.850	219.000
15811.850	239.000
15819.850	272.000
15827.851	202.000
15835.851	236.000
15843.851	289.000
15851.851	251.000
15859.851	234.000
15867.851	246.000
15875.852	219.000
15883.852	264.000
15891.852	248.000
15899.852	263.000
15907.852	238.000
15915.852	267.000
15923.853	250.000
15931.853	278.000
15939.853	275.000
15947.853	252.000
15955.853	268.000
15963.853	292.000
15971.854	263.000
15979.854	258.000
15987.854	306.000
15995.854	294.000
16003.854	267.000
16011.854	320.000
16019.855	280.000
16027.855	284.000
16035.855	278.000
16043.855	294.000
16051.855	283.000
16059.855	280.000
16067.856	272.000
16075.856	254.000
16083.856	291.000
16091.856	290.000
16099.856	288.000
16107.856	279.000
16115.857	293.000
16123.857	304.000
16131.857	288.000
16139.857	290.000
16147.857	300.000
16155.857	301.000
16163.858	282.000
16171.858	254.000
16179.858	291.000
16187.858	275.000
16195.858	267.000
16203.858	248.000
16211.859	268.000
16219.859	295.000
16227.859	253.000
16235.859	262.000
16243.859	281.000
16251.859	265.000
16259.860	273.000
16267.860	263.000
16275.860	253.000
16283.860	263.000
16291.860	234.000
16299.860	272.000
16307.861	249.000
16315.861	257.000
16323.861	239.000
16331.861	255.000
16339.861	246.000
16347.861	232.000
16355.862	223.000
16363.862	245.000
16371.862	232.000
16379.862	211.000
16387.862	219.000
16395.862	243.000
16403.863	206.000
16411.863	196.000
16419.863	191.000
16427.863	234.000
16435.863	189.000
16443.863	182.000
16451.864	235.000
16459.864	188.000
16467.864	176.000
16475.864	215.000
16483.864	193.000
16491.864	200.000
16499.865	178.000
16507.865	192.000
16515.865	210.000
16523.865	176.000
16531.865	164.000
16539.865	191.000
16547.866	174.000
16555.866	218.000
16563.866	185.000
16571.866	181.000
16579.866	187.000
16587.866	203.000
16595.867	180.000
16603.867	182.000
16611.867	185.000
16619.867	204.000
16627.867	174.000
16635.867	182.000
16643.868	198.000
16651.868	171.000
16659.868	168.000
16667.868	175.000
16675.868	195.000
16683.868	179.000
16691.869	164.000
16699.869	172.000
16707.869	179.000
16715.869	188.000
16723.869	190.000
16731.869	183.000
16739.870	193.000
16747.870	178.000
16755.870	180.000
16763.870	188.000
16771.870	182.000
16779.870	152.000
16787.871	185.000
16795.871	206.000
16803.871	175.000
16811.871	168.000
16819.871	205.000
16827.871	206.000
16835.872	178.000
16843.872	180.000
16851.872	173.000
16859.872	181.000
16867.872	214.000
16875.872	177.000
16883.873	165.000
16891.873	167.000
16899.873	161.000
16907.873	202.000
16915.873	161.000
16923.873	187.000
16931.874	175.000
16939.874	186.000
16947.874	197.000
16955.874	196.000
16963.874	181.000
16971.874	202.000
16979.875	211.000
16987.875	180.000
16995.875	200.000
17003.875	210.000
17011.875	201.000
17019.875	196.000
17027.876	186.000
17035.876	179.000
17043.876	194.000
17051.876	195.000
17059.876	210.000
17067.876	221.000
17075.877	196.000
17083.877	221.000
17091.877	219.000
17099.877	230.000
17107.877	212.000
17115.877	226.000
17123.878	195.000
17131.878	209.000
17139.878	198.000
17147.878	254.000
17155.878	190.000
17163.878	210.000
17171.879	227.000
17179.879	197.000
17187.879	233.000
17195.879	238.000
17203.879	236.000
17211.879	231.000
17219.880	235.000
17227.880	239.000
17235.880	231.000
17243.880	216.000
17251.880	211.000
17259.880	192.000
17267.881	218.000
17275.881	229.000
17283.881	209.000
17291.881	222.000
17299.881	208.000
17307.881	221.000
17315.882	206.000
17323.882	216.000
17331.882	235.000
17339.882	225.000
17347.882	224.000
17355.882	182.000
17363.883	214.000
17371.883	173.000
17379.883	200.000
17387.883	198.000
17395.883	170.000
17403.883	176.000
17411.884	193.000
17419.884	211.000
17427.884	186.000
17435.884	173.000
17443.884	179.000
17451.884	214.000
17459.885	166.000
17467.885	180.000
17475.885	182.000
17483.885	153.000
17491.885	135.000
17499.885	185.000
17507.886	185.000
17515.886	165.000
17523.886	174.000
17531.886	150.000
17539.886	164.000
17547.886	180.000
17555.887	183.000
17563.887	152.000
17571.887	161.000
17579.887	146.000
17587.887	164.000
17595.887	142.000
17603.888	130.000
17611.888	146.000
17619.888	176.000
17627.888	171.000
17635.888	151.000
17643.888	163.000
17651.889	139.000
17659.889	150.000
17667.889	159.000
17675.889	142.000
17683.889	154.000
17691.889	121.000
17699.890	150.000
17707.890	155.000
17715.890	142.000
17723.890	124.000
17731.890	139.000
17739.890	155.000
17747.891	144.000
17755.891	155.000
17763.891	142.000
17771.891	153.000
17779.891	138.000
17787.891	134.000
17795.892	144.000
17803.892	124.000
17811.892	144.000
17819.892	132.000
17827.892	126.000
17835.892	132.000
17843.893	162.000
17851.893	147.000
17859.893	123.000
17867.893	134.000
17875.893	145.000
17883.893	134.000
17891.894	139.000
17899.894	142.000
17907.894	150.000
17915.894	149.000
17923.894	142.000
17931.894	154.000
17939.895	143.000
17947.895	137.000
17955.895	123.000
17963.895	136.000
17971.895	145.000
17979.895	152.000
17987.896	121.000
17995.896	132.000
18003.896	145.000
18011.896	154.000
18019.896	145.000
18027.896	159.000
18035.897	124.000
18043.897	141.000
18051.897	143.000
18059.897	156.000
18067.897	154.000
18075.897	165.000
18083.898	155.000
18091.898	137.000
18099.898	155.000
18107.898	143.000
18115.898	152.000
18123.898	158.000
18131.899	167.000
18139.899	160.000
18147.899	158.000
18155.899	156.000
18163.899	151.000
18171.899	138.000
18179.900	167.000
18187.900	168.000
18195.900	169.000
18203.900	160.000
18211.900	140.000
18219.900	138.000
18227.901	155.000
18235.901	173.000
18243.901	190.000
18251.901	161.000
18259.901	161.000
18267.901	150.000
18275.902	157.000
18283.902	179.000
18291.902	155.000
18299.902	177.000
18307.902	156.000
18315.902	164.000
18323.903	157.000
18331.903	168.000
18339.903	179.000
18347.903	170.000
18355.903	174.000
18363.903	168.000
18371.904	164.000
18379.904	164.000
18387.904	160.000
18395.904	172.000
18403.904	169.000
18411.904	151.000
18419.905	144.000
18427.905	160.000
18435.905	158.000
18443.905	165.000
18451.905	150.000
18459.905	160.000
18467.906	149.000
18475.906	151.000
18483.906	127.000
18491.906	156.000
18499.906	150.000
18507.906	148.000
18515.907	182.000
18523.907	124.000
18531.907	138.000
18539.907	151.000
18547.907	140.000
18555.907	134.000
18563.908	145.000
18571.908	141.000
18579.908	124.000
18587.908	136.000
18595.908	110.000
18603.908	144.000
18611.909	151.000
18619.909	130.000
18627.909	130.000
18635.909	117.000
18643.909	126.000
18651.909	123.000
18659.910	135.000
18667.910	117.000
18675.910	107.000
18683.910	105.000
18691.910	116.000
18699.910	120.000
18707.911	114.000
18715.911	121.000
18723.911	111.000
18731.911	134.000
18739.911	100.000
18747.911	105.000
18755.912	105.000
18763.912	108.000
18771.912	91.000
18779.912	114.000
18787.912	118.000
18795.912	128.000
18803.913	120.000
18811.913	98.000
18819.913	122.000
18827.913	117.000
18835.913	127.000
18843.913	96.000
18851.914	113.000
18859.914	98.000
18867.914	123.000
18875.914	112.000
18883.914	105.000
18891.914	95.000
18899.915	112.000
18907.915	107.000
18915.915	107.000
18923.915	101.000
18931.915	88.000
18939.915	109.000
18947.916	113.000
18955.916	92.000
18963.916	108.000
18971.916	105.000
18979.916	98.000
18987.916	103.000
18995.917	109.000
19003.917	99.000
19011.917	91.000
19019.917	120.000
19027.917	100.000
19035.917	102.000
19043.918	106.000
19051.918	96.000
19059.918	113.000
19067.918	114.000
19075.918	104.000
19083.918	126.000
19091.919	113.000
19099.919	94.000
19107.919	118.000
19115.919	90.000
19123.919	104.000
19131.919	100.000
19139.920	119.000
19147.920	132.000
19155.920	104.000
19163.920	115.000
19171.920	111.000
19179.920	110.000
19187.921	118.000
19195.921	124.000
19203.921	117.000
19211.921	103.000
19219.921	111.000
19227.921	137.000
19235.922	116.000
19243.922	103.000
19251.922	144.000
19259.922	108.000
19267.922	119.000
19275.922	129.000
19283.923	114.000
19291.923	120.000
19299.923	106.000
19307.923	109.000
19315.923	111.000
19323.923	119.000
19331.924	119.000
19339.924	126.000
19347.924	106.000
19355.924	124.000
19363.924	99.000
19371.924	128.000
19379.925	127.000
19387.925	118.000
19395.925	101.000
19403.925	119.000
19411.925	127.000
19419.925	106.000
19427.926	113.000
19435.926	119.000
19443.926	129.000
19451.926	118.000
19459.926	123.000
19467.926	138.000
19475.927	125.000
19483.927	103.000
19491.927	144.000
19499.927	122.000
19507.927	119.000
19515.927	111.000
19523.928	118.000
19531.928	106.000
19539.928	107.000
19547.928	123.000
19555.928	116.000
19563.928	132.000
19571.929	109.000
19579.929	112.000
19587.929	90.000
19595.929	119.000
19603.929	100.000
19611.929	111.000
19619.930	99.000
19627.930	102.000
19635.930	111.000
19643.930	105.000
19651.930	109.000
19659.930	119.000
19667.931	97.000
19675.931	107.000
19683.931	91.000
19691.931	117.000
19699.931	104.000
19707.931	81.000
19715.932	85.000
19723.932	107.000
19731.932	104.000
19739.932	110.000
19747.932	102.000
19755.932	95.000
19763.933	92.000
19771.933	71.000
19779.933	102.000
19787.933	90.000
19795.933	87.000
19803.933	81.000
19811.934	90.000
19819.934	83.000
19827.934	86.000
19835.934	101.000
19843.934	92.000
19851.934	76.000
19859.935	81.000
19867.935	73.000
19875.935	98.000
19883.935	82.000
19891.935	81.000
19899.935	88.000
19907.936	67.000
19915.936	67.000
19923.936	74.000
19931.936	84.000
19939.936	87.000
19947.936	83.000
19955.937	72.000
19963.937	71.000
19971.937	77.000
19979.937	84.000
19987.937	89.000
19995.937	67.000
20003.938	63.000
20011.938	73.000
20019.938	81.000
20027.938	76.000
20035.938	67.000
20043.938	73.000
20051.939	90.000
20059.939	86.000
20067.939	70.000
20075.939	66.000
20083.939	80.000
20091.939	76.000
20099.940	76.000
20107.940	63.000
20115.940	66.000
20123.940	69.000
20131.940	77.000
20139.940	69.000
20147.941	67.000
20155.941	68.000
20163.941	66.000
20171.941	59.000
20179.941	83.000
20187.941	87.000
20195.942	71.000
20203.942	81.000
20211.942	67.000
20219.942	79.000
20227.942	91.000
20235.942	68.000
20243.943	73.000
20251.943	77.000
20259.943	61.000
20267.943	82.000
20275.943	80.000
20283.943	80.000
20291.944	75.000
20299.944	75.000
20307.944	72.000
20315.944	96.000
20323.944	78.000
20331.944	82.000
20339.945	80.000
20347.945	78.000
20355.945	76.000
20363.945	82.000
20371.945	76.000
20379.945	63.000
20387.946	80.000
20395.946	68.000
20403.946	77.000
20411.946	90.000
20419.946	70.000
20427.946	83.000
20435.947	89.000
20443.947	108.000
20451.947	81.000
20459.947	84.000
20467.947	84.000
20475.947	95.000
20483.948	81.000
20491.948	85.000
20499.948	65.000
20507.948	94.000
20515.948	61.000
20523.948	90.000
20531.949	85.000
20539.949	80.000
20547.949	83.000
20555.949	69.000
20563.949	78.000
20571.949	92.000
20579.950	85.000
20587.950	85.000
20595.950	80.000
20603.950	88.000
20611.950	89.000
20619.950	77.000
20627.951	84.000
20635.951	68.000
20643.951	75.000
20651.951	76.000
20659.951	77.000
20667.951	76.000
20675.952	69.000
20683.952	91.000
20691.952	80.000
20699.952	79.000
20707.952	84.000
20715.952	84.000
20723.953	86.000
20731.953	65.000
20739.953	70.000
20747.953	89.000
20755.953	86.000
20763.953	65.000
20771.954	68.000
20779.954	68.000
20787.954	64.000
20795.954	66.000
20803.954	68.000
20811.954	59.000
20819.955	60.000
20827.955	73.000
20835.955	58.000
20843.955	66.000
20851.955	59.000
20859.955	83.000
20867.956	78.000
20875.956	64.000
20883.956	62.000
20891.956	59.000
20899.956	67.000
20907.956	64.000
20915.957	56.000
20923.957	67.000
20931.957	71.000
20939.957	66.000
20947.957	57.000
20955.957	62.000
20963.958	61.000
20971.958	68.000
20979.958	71.000
20987.958	62.000
20995.958	49.000
21003.958	62.000
21011.959	66.000
21019.959	63.000
21027.959	54.000
21035.959	57.000
21043.959	66.000
21051.959	56.000
21059.960	62.000
21067.960	63.000
21075.960	50.000
21083.960	52.000
21091.960	54.000
21099.960	53.000
21107.961	50.000
21115.961	44.000
21123.961	45.000
21131.961	59.000
21139.961	52.000
21147.961	64.000
21155.962	43.000
21163.962	45.000
21171.962	41.000
21179.962	50.000
21187.962	58.000
21195.962	57.000
21203.963	67.000
21211.963	39.000
21219.963	51.000
21227.963	52.000
21235.963	49.000
21243.963	53.000
21251.964	62.000
21259.964	48.000
21267.964	40.000
21275.964	55.000
21283.964	52.000
21291.964	56.000
21299.965	59.000
21307.965	68.000
21315.965	46.000
21323.965	54.000
21331.965	48.000
21339.965	58.000
21347.966	50.000
21355.966	46.000
21363.966	55.000
21371.966	58.000
21379.966	50.000
21387.966	54.000
21395.967	43.000
21403.967	54.000
21411.967	66.000
21419.967	61.000
21427.967	69.000
21435.967	59.000
21443.968	49.000
21451.968	38.000
21459.968	30.000
21467.968	52.000
21475.968	47.000
21483.968	50.000
21491.969	44.000
21499.969	58.000
21507.969	51.000
21515.969	52.000
21523.969	50.000
21531.969	60.000
21539.970	58.000
21547.970	47.000
21555.970	69.000
21563.970	49.000
21571.970	58.000
21579.970	66.000
21587.971	54.000
21595.971	60.000
21603.971	45.000
21611.971	64.000
21619.971	55.000
21627.971	58.000
21635.972	54.000
21643.972	56.000
21651.972	52.000
21659.972	66.000
21667.972	62.000
21675.972	54.000
21683.973	66.000
21691.973	60.000
21699.973	51.000
21707.973	53.000
21715.973	69.000
21723.973	55.000
21731.974	53.000
21739.974	61.000
21747.974	58.000
21755.974	54.000
21763.974	58.000
21771.974	54.000
21779.975	52.000
21787.975	68.000
21795.975	63.000
21803.975	57.000
21811.975	55.000
21819.975	61.000
21827.976	41.000
21835.976	48.000
21843.976	61.000
21851.976	60.000
21859.976	53.000
21867.976	40.000
21875.977	66.000
21883.977	52.000
21891.977	52.000
21899.977	51.000
21907.977	40.000
21915.977	57.000
21923.978	44.000
21931.978	47.000
21939.978	41.000
21947.978	48.000
21955.978	34.000
21963.978	52.000
21971.979	47.000
21979.979	48.000
21987.979	46.000
21995.979	50.000
22003.979	34.000
22011.979	28.000
22019.980	34.000
22027.980	42.000
22035.980	50.000
22043.980	56.000
22051.980	43.000
22059.980	38.000
22067.981	38.000
22075.981	32.000
22083.981	41.000
22091.981	41.000
22099.981	49.000
22107.981	37.000
22115.982	44.000
22123.982	38.000
22131.982	45.000
22139.982	40.000
22147.982	39.000
22155.982	39.000
22163.983	37.000
22171.983	41.000
22179.983	34.000
22187.983	33.000
22195.983	29.000
22203.983	28.000
22211.984	47.000
22219.984	56.000
22227.984	31.000
22235.984	28.000
22243.984	45.000
22251.984	36.000
22259.985	40.000
22267.985	35.000
22275.985	40.000
22283.985	28.000
22291.985	41.000
22299.985	41.000
22307.986	38.000
22315.986	21.000
22323.986	35.000
22331.986	48.000
22339.986	22.000
22347.986	29.000
22355.987	36.000
22363.987	34.000
22371.987	38.000
22379.987	30.000
22387.987	25.000
22395.987	24.000
22403.988	38.000
22411.988	36.000
22419.988	39.000
22427.988	40.000
22435.988	36.000
22443.988	34.000
22451.989	26.000
22459.989	27.000
22467.989	37.000
22475.989	33.000
22483.989	34.000
22491.989	37.000
22499.990	31.000
22507.990	29.000
22515.990	38.000
22523.990	27.000
22531.990	39.000
22539.990	38.000
22547.991	31.000
22555.991	37.000
22563.991	43.000
22571.991	27.000
22579.991	37.000
22587.991	31.000
22595.992	33.000
22603.992	19.000
22611.992	31.000
22619.992	32.000
22627.992	39.000
22635.992	33.000
22643.993	30.000
22651.993	37.000
22659.993	31.000
22667.993	29.000
22675.993	24.000
22683.993	37.000
22691.994	24.000
22699.994	41.000
22707.994	32.000
22715.994	36.000
22723.994	33.000
22731.994	38.000
22739.995	47.000
22747.995	44.000
22755.995	32.000
22763.995	32.000
22771.995	37.000
22779.995	39.000
22787.996	42.000
22795.996	38.000
22803.996	41.000
22811.996	40.000
22819.996	42.000
22827.996	38.000
22835.997	41.000
22843.997	34.000
22851.997	25.000
22859.997	36.000
22867.997	38.000
22875.997	40.000
22883.998	37.000
22891.998	36.000
22899.998	41.000
22907.998	39.000
22915.998	35.000
22923.998	30.000
22931.999	42.000
22939.999	43.000
22947.999	42.000
22955.999	38.000
22963.999	40.000
22971.999	26.000
22980.000	33.000
22988.000	30.000
22996.000	27.000
