-996.500	0.000
-988.500	0.000
-980.500	1.000
-972.499	0.000
-964.499	0.000
-956.499	0.000
-948.499	0.000
-940.499	0.000
-932.499	2.000
-924.498	0.000
-916.498	0.000
-908.498	0.000
-900.498	0.000
-892.498	0.000
-884.498	1.000
-876.497	0.000
-868.497	0.000
-860.497	0.000
-852.497	0.000
-844.497	0.000
-836.497	2.000
-828.496	0.000
-820.496	2.000
-812.496	0.000
-804.496	2.000
-796.496	1.000
-788.496	1.000
-780.495	0.000
-772.495	2.000
-764.495	4.000
-756.495	1.000
-748.495	1.000
-740.495	1.000
-732.494	2.000
-724.494	1.000
-716.494	1.000
-708.494	2.000
-700.494	6.000
-692.494	1.000
-684.493	5.000
-676.493	4.000
-668.493	3.000
-660.493	3.000
-652.493	8.000
-644.493	3.000
-636.492	3.000
-628.492	3.000
-620.492	8.000
-612.492	7.000
-604.492	2.000
-596.492	13.000
-588.491	12.000
-580.491	7.000
-572.491	6.000
-564.491	17.000
-556.491	8.000
-548.491	9.000
-540.490	11.000
-532.490	19.000
-524.490	22.000
-516.490	15.000
-508.490	18.000
-500.490	15.000
-492.489	33.000
-484.489	23.000
-476.489	27.000
-468.489	26.000
-460.489	27.000
-452.489	40.000
-444.488	30.000
-436.488	32.000
-428.488	48.000
-420.488	54.000
-412.488	49.000
-404.488	53.000
-396.487	64.000
-388.487	74.000
-380.487	55.000
-372.487	66.000
-364.487	85.000
-356.487	102.000
-348.486	105.000
-340.486	85.000
-332.486	92.000
-324.486	97.000
-316.486	118.000
-308.486	146.000
-300.485	147.000
-292.485	127.000
-284.485	140.000
-276.485	180.000
-268.485	163.000
-260.485	173.000
-252.484	180.000
-244.484	189.000
-236.484	186.000
-228.484	201.000
-220.484	221.000
-212.484	239.000
-204.483	228.000
-196.483	247.000
-188.483	248.000
-180.483	264.000
-172.483	274.000
-164.483	239.000
-156.482	277.000
-148.482	255.000
-140.482	267.000
-132.482	303.000
-124.482	315.000
-116.482	307.000
-108.481	297.000
-100.481	293.000
-92.481	289.000
-84.481	300.000
-76.481	320.000
-68.481	319.000
-60.480	285.000
-52.480	313.000
-44.480	309.000
-36.480	280.000
-28.480	280.000
-20.480	242.000
-12.479	301.000
-4.479	287.000
3.521	273.000
11.521	273.000
19.521	255.000
27.521	264.000
35.522	243.000
43.522	216.000
51.522	256.000
59.522	236.000
67.522	258.000
75.522	228.000
83.523	216.000
91.523	231.000
99.523	195.000
107.523	212.000
115.523	204.000
123.523	217.000
131.524	166.000
139.524	188.000
147.524	177.000
155.524	194.000
163.524	190.000
171.524	171.000
179.525	159.000
187.525	173.000
195.525	172.000
203.525	176.000
211.525	175.000
219.525	162.000
227.526	164.000
235.526	185.000
243.526	177.000
251.526	161.000
259.526	170.000
267.526	193.000
275.527	170.000
283.527	205.000
291.527	199.000
299.527	213.000
307.527	226.000
315.527	212.000
323.528	206.000
331.528	215.000
339.528	245.000
347.528	223.000
355.528	257.000
363.528	238.000
371.529	246.000
379.529	292.000
387.529	270.000
395.529	304.000
403.529	283.000
411.529	322.000
419.530	321.000
427.530	316.000
435.530	354.000
443.530	361.000
451.530	341.000
459.530	390.000
467.531	409.000
475.531	385.000
483.531	403.000
491.531	433.000
499.531	413.000
507.531	454.000
515.532	481.000
523.532	535.000
531.532	545.000
539.532	524.000
547.532	522.000
555.532	573.000
563.533	530.000
571.533	593.000
579.533	556.000
587.533	618.000
595.533	633.000
603.533	631.000
611.534	696.000
619.534	637.000
627.534	648.000
635.534	626.000
643.534	639.000
651.534	650.000
659.535	667.000
667.535	645.000
675.535	636.000
683.535	666.000
691.535	663.000
699.535	693.000
707.536	664.000
715.536	649.000
723.536	677.000
731.536	631.000
739.536	658.000
747.536	576.000
755.537	672.000
763.537	587.000
771.537	646.000
779.537	594.000
787.537	609.000
795.537	609.000
803.538	581.000
811.538	550.000
819.538	526.000
827.538	518.000
835.538	538.000
843.538	504.000
851.539	480.000
859.539	473.000
867.539	482.000
875.539	473.000
883.539	451.000
891.539	455.000
899.540	410.000
907.540	452.000
915.540	386.000
923.540	434.000
931.540	420.000
939.540	380.000
947.541	432.000
955.541	382.000
963.541	378.000
971.541	386.000
979.541	351.000
987.541	381.000
995.542	398.000
1003.542	397.000
1011.542	387.000
1019.542	373.000
1027.542	340.000
1035.542	403.000
1043.543	359.000
1051.543	405.000
1059.543	401.000
1067.543	384.000
1075.543	395.000
1083.543	377.000
1091.544	436.000
1099.544	421.000
1107.544	391.000
1115.544	410.000
1123.544	451.000
1131.544	448.000
1139.545	448.000
1147.545	455.000
1155.545	434.000
1163.545	462.000
1171.545	503.000
1179.545	491.000
1187.546	508.000
1195.546	520.000
1203.546	480.000
1211.546	539.000
1219.546	535.000
1227.546	559.000
1235.547	577.000
1243.547	588.000
1251.547	594.000
1259.547	592.000
1267.547	590.000
1275.547	660.000
1283.548	681.000
1291.548	660.000
1299.548	642.000
1307.548	714.000
1315.548	678.000
1323.548	667.000
1331.549	760.000
1339.549	751.000
1347.549	768.000
1355.549	764.000
1363.549	735.000
1371.549	780.000
1379.550	774.000
1387.550	826.000
1395.550	818.000
1403.550	811.000
1411.550	791.000
1419.550	816.000
1427.551	875.000
1435.551	827.000
1443.551	798.000
1451.551	805.000
1459.551	816.000
1467.551	838.000
1475.552	792.000
1483.552	808.000
1491.552	830.000
1499.552	753.000
1507.552	803.000
1515.552	732.000
1523.553	759.000
1531.553	753.000
1539.553	750.000
1547.553	751.000
1555.553	719.000
1563.553	700.000
1571.554	707.000
1579.554	642.000
1587.554	692.000
1595.554	704.000
1603.554	682.000
1611.554	642.000
1619.555	605.000
1627.555	625.000
1635.555	566.000
1643.555	576.000
1651.555	549.000
1659.555	572.000
1667.556	583.000
1675.556	553.000
1683.556	484.000
1691.556	500.000
1699.556	495.000
1707.556	463.000
1715.557	469.000
1723.557	442.000
1731.557	470.000
1739.557	450.000
1747.557	448.000
1755.557	493.000
1763.558	459.000
1771.558	439.000
1779.558	457.000
1787.558	432.000
1795.558	420.000
1803.558	437.000
1811.559	441.000
1819.559	441.000
1827.559	452.000
1835.559	435.000
1843.559	416.000
1851.559	491.000
1859.560	439.000
1867.560	440.000
1875.560	435.000
1883.560	407.000
1891.560	476.000
1899.560	453.000
1907.561	462.000
1915.561	476.000
1923.561	466.000
1931.561	481.000
1939.561	452.000
1947.561	485.000
1955.562	515.000
1963.562	509.000
1971.562	497.000
1979.562	464.000
1987.562	553.000
1995.562	526.000
2003.563	572.000
2011.563	548.000
2019.563	646.000
2027.563	611.000
2035.563	541.000
2043.563	602.000
2051.564	637.000
2059.564	639.000
2067.564	680.000
2075.564	639.000
2083.564	690.000
2091.564	697.000
2099.565	641.000
2107.565	700.000
2115.565	669.000
2123.565	708.000
2131.565	670.000
2139.565	783.000
2147.566	737.000
2155.566	726.000
2163.566	744.000
2171.566	756.000
2179.566	758.000
2187.566	716.000
2195.567	723.000
2203.567	734.000
2211.567	742.000
2219.567	756.000
2227.567	736.000
2235.567	755.000
2243.568	755.000
2251.568	734.000
2259.568	764.000
2267.568	701.000
2275.568	711.000
2283.568	724.000
2291.569	724.000
2299.569	732.000
2307.569	675.000
2315.569	639.000
2323.569	675.000
2331.569	622.000
2339.570	662.000
2347.570	608.000
2355.570	588.000
2363.570	579.000
2371.570	572.000
2379.570	551.000
2387.571	573.000
2395.571	531.000
2403.571	528.000
2411.571	507.000
2419.571	511.000
2427.571	511.000
2435.572	476.000
2443.572	481.000
2451.572	528.000
2459.572	471.000
2467.572	470.000
2475.572	467.000
2483.573	441.000
2491.573	406.000
2499.573	456.000
2507.573	425.000
2515.573	414.000
2523.573	438.000
2531.574	419.000
2539.574	389.000
2547.574	378.000
2555.574	385.000
2563.574	371.000
2571.574	393.000
2579.575	388.000
2587.575	394.000
2595.575	415.000
2603.575	371.000
2611.575	374.000
2619.575	379.000
2627.576	361.000
2635.576	381.000
2643.576	383.000
2651.576	384.000
2659.576	385.000
2667.576	400.000
2675.577	413.000
2683.577	426.000
2691.577	431.000
2699.577	418.000
2707.577	419.000
2715.577	403.000
2723.578	411.000
2731.578	426.000
2739.578	433.000
2747.578	407.000
2755.578	455.000
2763.578	459.000
2771.579	449.000
2779.579	458.000
2787.579	488.000
2795.579	455.000
2803.579	491.000
2811.579	517.000
2819.580	481.000
2827.580	515.000
2835.580	532.000
2843.580	503.000
2851.580	483.000
2859.580	540.000
2867.581	535.000
2875.581	541.000
2883.581	566.000
2891.581	613.000
2899.581	585.000
2907.581	601.000
2915.582	553.000
2923.582	572.000
2931.582	573.000
2939.582	586.000
2947.582	575.000
2955.582	577.000
2963.583	562.000
2971.583	587.000
2979.583	579.000
2987.583	619.000
2995.583	575.000
3003.583	590.000
3011.584	574.000
3019.584	593.000
3027.584	624.000
3035.584	519.000
3043.584	634.000
3051.584	558.000
3059.585	601.000
3067.585	585.000
3075.585	550.000
3083.585	574.000
3091.585	550.000
3099.585	564.000
3107.586	529.000
3115.586	497.000
3123.586	517.000
3131.586	487.000
3139.586	494.000
3147.586	443.000
3155.587	516.000
3163.587	485.000
3171.587	419.000
3179.587	450.000
3187.587	460.000
3195.587	448.000
3203.588	434.000
3211.588	404.000
3219.588	378.000
3227.588	401.000
3235.588	396.000
3243.588	400.000
3251.589	416.000
3259.589	375.000
3267.589	342.000
3275.589	372.000
3283.589	375.000
3291.589	344.000
3299.590	364.000
3307.590	355.000
3315.590	332.000
3323.590	339.000
3331.590	301.000
3339.590	305.000
3347.591	302.000
3355.591	319.000
3363.591	329.000
3371.591	346.000
3379.591	312.000
3387.591	333.000
3395.592	284.000
3403.592	341.000
3411.592	305.000
3419.592	306.000
3427.592	297.000
3435.592	288.000
3443.593	309.000
3451.593	335.000
3459.593	322.000
3467.593	334.000
3475.593	355.000
3483.593	354.000
3491.594	348.000
3499.594	332.000
3507.594	333.000
3515.594	370.000
3523.594	347.000
3531.594	336.000
3539.595	384.000
3547.595	363.000
3555.595	352.000
3563.595	376.000
3571.595	404.000
3579.595	395.000
3587.596	417.000
3595.596	409.000
3603.596	389.000
3611.596	367.000
3619.596	408.000
3627.596	406.000
3635.597	426.000
3643.597	423.000
3651.597	445.000
3659.597	399.000
3667.597	468.000
3675.597	440.000
3683.598	455.000
3691.598	463.000
3699.598	496.000
3707.598	469.000
3715.598	496.000
3723.598	484.000
3731.599	514.000
3739.599	509.000
3747.599	517.000
3755.599	466.000
3763.599	501.000
3771.599	466.000
3779.600	499.000
3787.600	531.000
3795.600	468.000
3803.600	444.000
3811.600	507.000
3819.600	500.000
3827.601	457.000
3835.601	469.000
3843.601	499.000
3851.601	449.000
3859.601	469.000
3867.601	461.000
3875.602	442.000
3883.602	431.000
3891.602	430.000
3899.602	468.000
3907.602	468.000
3915.602	439.000
3923.603	457.000
3931.603	434.000
3939.603	405.000
3947.603	379.000
3955.603	385.000
3963.603	383.000
3971.604	373.000
3979.604	351.000
3987.604	363.000
3995.604	361.000
4003.604	365.000
4011.604	345.000
4019.605	375.000
4027.605	330.000
4035.605	341.000
4043.605	307.000
4051.605	290.000
4059.605	259.000
4067.606	291.000
4075.606	315.000
4083.606	271.000
4091.606	315.000
4099.606	275.000
4107.606	292.000
4115.607	258.000
4123.607	237.000
4131.607	246.000
4139.607	279.000
4147.607	292.000
4155.607	310.000
4163.608	270.000
4171.608	275.000
4179.608	301.000
4187.608	269.000
4195.608	262.000
4203.608	246.000
4211.609	285.000
4219.609	282.000
4227.609	283.000
4235.609	305.000
4243.609	293.000
4251.609	285.000
4259.610	307.000
4267.610	302.000
4275.610	293.000
4283.610	343.000
4291.610	292.000
4299.610	304.000
4307.611	297.000
4315.611	338.000
4323.611	289.000
4331.611	332.000
4339.611	344.000
4347.611	360.000
4355.612	332.000
4363.612	370.000
4371.612	359.000
4379.612	373.000
4387.612	389.000
4395.612	395.000
4403.613	371.000
4411.613	393.000
4419.613	371.000
4427.613	386.000
4435.613	412.000
4443.613	423.000
4451.614	423.000
4459.614	450.000
4467.614	440.000
4475.614	446.000
4483.614	484.000
4491.614	461.000
4499.615	433.000
4507.615	427.000
4515.615	431.000
4523.615	436.000
4531.615	501.000
4539.615	463.000
4547.616	496.000
4555.616	504.000
4563.616	500.000
4571.616	488.000
4579.616	461.000
4587.616	477.000
4595.617	506.000
4603.617	482.000
4611.617	468.000
4619.617	514.000
4627.617	477.000
4635.617	473.000
4643.618	425.000
4651.618	481.000
4659.618	443.000
4667.618	437.000
4675.618	463.000
4683.618	438.000
4691.619	458.000
4699.619	464.000
4707.619	396.000
4715.619	411.000
4723.619	418.000
4731.619	400.000
4739.620	345.000
4747.620	373.000
4755.620	368.000
4763.620	378.000
4771.620	367.000
4779.620	370.000
4787.621	341.000
4795.621	318.000
4803.621	314.000
4811.621	333.000
4819.621	320.000
4827.621	297.000
4835.622	323.000
4843.622	303.000
4851.622	309.000
4859.622	257.000
4867.622	282.000
4875.622	304.000
4883.623	310.000
4891.623	285.000
4899.623	267.000
4907.623	264.000
4915.623	276.000
4923.623	254.000
4931.624	255.000
4939.624	272.000
4947.624	272.000
4955.624	270.000
4963.624	256.000
4971.624	251.000
4979.625	272.000
4987.625	269.000
4995.625	278.000
5003.625	282.000
5011.625	246.000
5019.625	252.000
5027.626	318.000
5035.626	282.000
5043.626	284.000
5051.626	283.000
5059.626	294.000
5067.626	316.000
5075.627	306.000
5083.627	326.000
5091.627	306.000
5099.627	337.000
5107.627	327.000
5115.627	315.000
5123.628	354.000
5131.628	335.000
5139.628	326.000
5147.628	367.000
5155.628	325.000
5163.628	365.000
5171.629	394.000
5179.629	398.000
5187.629	351.000
5195.629	371.000
5203.629	400.000
5211.629	417.000
5219.630	411.000
5227.630	417.000
5235.630	408.000
5243.630	429.000
5251.630	456.000
5259.630	451.000
5267.631	433.000
5275.631	469.000
5283.631	462.000
5291.631	486.000
5299.631	492.000
5307.631	474.000
5315.632	456.000
5323.632	443.000
5331.632	473.000
5339.632	491.000
5347.632	509.000
5355.632	481.000
5363.633	510.000
5371.633	516.000
5379.633	481.000
5387.633	536.000
5395.633	515.000
5403.633	502.000
5411.634	495.000
5419.634	480.000
5427.634	488.000
5435.634	472.000
5443.634	474.000
5451.634	459.000
5459.635	436.000
5467.635	460.000
5475.635	460.000
5483.635	457.000
5491.635	474.000
5499.635	454.000
5507.636	396.000
5515.636	423.000
5523.636	404.000
5531.636	394.000
5539.636	372.000
5547.636	374.000
5555.637	360.000
5563.637	409.000
5571.637	360.000
5579.637	379.000
5587.637	345.000
5595.637	369.000
5603.638	353.000
5611.638	356.000
5619.638	357.000
5627.638	307.000
5635.638	329.000
5643.638	300.000
5651.639	306.000
5659.639	286.000
5667.639	304.000
5675.639	298.000
5683.639	296.000
5691.639	298.000
5699.640	301.000
5707.640	273.000
5715.640	323.000
5723.640	288.000
5731.640	274.000
5739.640	271.000
5747.641	273.000
5755.641	290.000
5763.641	305.000
5771.641	276.000
5779.641	309.000
5787.641	258.000
5795.642	282.000
5803.642	305.000
5811.642	305.000
5819.642	296.000
5827.642	265.000
5835.642	326.000
5843.643	323.000
5851.643	327.000
5859.643	348.000
5867.643	336.000
5875.643	322.000
5883.643	341.000
5891.644	332.000
5899.644	336.000
5907.644	352.000
5915.644	326.000
5923.644	329.000
5931.644	372.000
5939.645	369.000
5947.645	367.000
5955.645	398.000
5963.645	346.000
5971.645	417.000
5979.645	419.000
5987.646	418.000
5995.646	437.000
6003.646	429.000
6011.646	431.000
6019.646	410.000
6027.646	433.000
6035.647	449.000
6043.647	470.000
6051.647	472.000
6059.647	499.000
6067.647	459.000
6075.647	515.000
6083.648	484.000
6091.648	515.000
6099.648	516.000
6107.648	502.000
6115.648	529.000
6123.648	524.000
6131.649	481.000
6139.649	545.000
6147.649	513.000
6155.649	518.000
6163.649	523.000
6171.649	557.000
6179.650	481.000
6187.650	549.000
6195.650	542.000
6203.650	474.000
6211.650	517.000
6219.650	498.000
6227.651	460.000
6235.651	552.000
6243.651	500.000
6251.651	469.000
6259.651	492.000
6267.651	499.000
6275.652	463.000
6283.652	477.000
6291.652	469.000
6299.652	436.000
6307.652	446.000
6315.652	436.000
6323.653	444.000
6331.653	401.000
6339.653	409.000
6347.653	415.000
6355.653	394.000
6363.653	410.000
6371.654	414.000
6379.654	376.000
6387.654	339.000
6395.654	367.000
6403.654	344.000
6411.654	325.000
6419.655	340.000
6427.655	335.000
6435.655	345.000
6443.655	327.000
6451.655	346.000
6459.655	321.000
6467.656	315.000
6475.656	336.000
6483.656	244.000
6491.656	326.000
6499.656	299.000
6507.656	317.000
6515.657	293.000
6523.657	305.000
6531.657	302.000
6539.657	322.000
6547.657	313.000
6555.657	319.000
6563.658	312.000
6571.658	302.000
6579.658	316.000
6587.658	281.000
6595.658	272.000
6603.658	311.000
6611.659	317.000
6619.659	309.000
6627.659	313.000
6635.659	340.000
6643.659	345.000
6651.659	338.000
6659.660	338.000
6667.660	330.000
6675.660	317.000
6683.660	319.000
6691.660	341.000
6699.660	367.000
6707.661	328.000
6715.661	369.000
6723.661	363.000
6731.661	353.000
6739.661	392.000
6747.661	365.000
6755.662	380.000
6763.662	413.000
6771.662	399.000
6779.662	431.000
6787.662	425.000
6795.662	426.000
6803.663	420.000
6811.663	455.000
6819.663	409.000
6827.663	478.000
6835.663	424.000
6843.663	470.000
6851.664	485.000
6859.664	511.000
6867.664	493.000
6875.664	473.000
6883.664	492.000
6891.664	528.000
6899.665	503.000
6907.665	516.000
6915.665	497.000
6923.665	545.000
6931.665	494.000
6939.665	501.000
6947.666	526.000
6955.666	504.000
6963.666	521.000
6971.666	521.000
6979.666	529.000
6987.666	544.000
6995.667	512.000
7003.667	520.000
7011.667	499.000
7019.667	543.000
7027.667	540.000
7035.667	473.000
7043.668	489.000
7051.668	512.000
7059.668	501.000
7067.668	513.000
7075.668	459.000
7083.668	449.000
7091.669	416.000
7099.669	446.000
7107.669	432.000
7115.669	428.000
7123.669	403.000
7131.669	416.000
7139.670	431.000
7147.670	422.000
7155.670	394.000
7163.670	388.000
7171.670	399.000
7179.670	376.000
7187.671	348.000
7195.671	374.000
7203.671	362.000
7211.671	351.000
7219.671	318.000
7227.671	342.000
7235.672	303.000
7243.672	298.000
7251.672	313.000
7259.672	355.000
7267.672	336.000
7275.672	286.000
7283.673	312.000
7291.673	294.000
7299.673	281.000
7307.673	275.000
7315.673	279.000
7323.673	301.000
7331.674	304.000
7339.674	290.000
7347.674	271.000
7355.674	314.000
7363.674	314.000
7371.674	290.000
7379.675	280.000
7387.675	260.000
7395.675	304.000
7403.675	299.000
7411.675	293.000
7419.675	309.000
7427.676	326.000
7435.676	313.000
7443.676	311.000
7451.676	297.000
7459.676	334.000
7467.676	306.000
7475.677	309.000
7483.677	334.000
7491.677	314.000
7499.677	333.000
7507.677	331.000
7515.677	328.000
7523.678	330.000
7531.678	322.000
7539.678	352.000
7547.678	362.000
7555.678	384.000
7563.678	357.000
7571.679	406.000
7579.679	408.000
7587.679	378.000
7595.679	403.000
7603.679	410.000
7611.679	408.000
7619.680	419.000
7627.680	455.000
7635.680	417.000
7643.680	433.000
7651.680	432.000
7659.680	428.000
7667.681	445.000
7675.681	429.000
7683.681	471.000
7691.681	486.000
7699.681	414.000
7707.681	480.000
7715.682	386.000
7723.682	465.000
7731.682	512.000
7739.682	478.000
7747.682	478.000
7755.682	448.000
7763.683	496.000
7771.683	482.000
7779.683	468.000
7787.683	504.000
7795.683	500.000
7803.683	524.000
7811.684	476.000
7819.684	454.000
7827.684	496.000
7835.684	458.000
7843.684	450.000
7851.684	440.000
7859.685	422.000
7867.685	471.000
7875.685	403.000
7883.685	432.000
7891.685	378.000
7899.685	382.000
7907.686	397.000
7915.686	393.000
7923.686	343.000
7931.686	385.000
7939.686	387.000
7947.686	378.000
7955.687	310.000
7963.687	364.000
7971.687	358.000
7979.687	336.000
7987.687	329.000
7995.687	296.000
8003.688	312.000
8011.688	332.000
8019.688	310.000
8027.688	331.000
8035.688	302.000
8043.688	323.000
8051.689	280.000
8059.689	310.000
8067.689	285.000
8075.689	292.000
8083.689	275.000
8091.689	285.000
8099.690	266.000
8107.690	258.000
8115.690	281.000
8123.690	249.000
8131.690	268.000
8139.690	266.000
8147.691	263.000
8155.691	255.000
8163.691	258.000
8171.691	295.000
8179.691	291.000
8187.691	303.000
8195.692	258.000
8203.692	244.000
8211.692	295.000
8219.692	268.000
8227.692	240.000
8235.692	289.000
8243.693	275.000
8251.693	275.000
8259.693	280.000
8267.693	255.000
8275.693	289.000
8283.693	294.000
8291.694	261.000
8299.694	297.000
8307.694	279.000
8315.694	304.000
8323.694	339.000
8331.694	303.000
8339.695	316.000
8347.695	308.000
8355.695	312.000
8363.695	324.000
8371.695	323.000
8379.695	323.000
8387.696	343.000
8395.696	354.000
8403.696	366.000
8411.696	364.000
8419.696	378.000
8427.696	315.000
8435.697	382.000
8443.697	382.000
8451.697	406.000
8459.697	395.000
8467.697	353.000
8475.697	366.000
8483.698	408.000
8491.698	425.000
8499.698	390.000
8507.698	393.000
8515.698	342.000
8523.698	378.000
8531.699	427.000
8539.699	421.000
8547.699	426.000
8555.699	429.000
8563.699	399.000
8571.699	407.000
8579.700	412.000
8587.700	436.000
8595.700	438.000
8603.700	449.000
8611.700	425.000
8619.700	391.000
8627.701	397.000
8635.701	416.000
8643.701	396.000
8651.701	362.000
8659.701	392.000
8667.701	356.000
8675.702	369.000
8683.702	355.000
8691.702	353.000
8699.702	401.000
8707.702	377.000
8715.702	321.000
8723.703	339.000
8731.703	314.000
8739.703	299.000
8747.703	317.000
8755.703	323.000
8763.703	340.000
8771.704	304.000
8779.704	260.000
8787.704	279.000
8795.704	259.000
8803.704	300.000
8811.704	249.000
8819.705	269.000
8827.705	275.000
8835.705	273.000
8843.705	283.000
8851.705	276.000
8859.705	272.000
8867.706	243.000
8875.706	217.000
8883.706	238.000
8891.706	239.000
8899.706	271.000
8907.706	230.000
8915.707	251.000
8923.707	193.000
8931.707	254.000
8939.707	253.000
8947.707	230.000
8955.707	218.000
8963.708	223.000
8971.708	222.000
8979.708	226.000
8987.708	228.000
8995.708	202.000
9003.708	227.000
9011.709	223.000
9019.709	222.000
9027.709	225.000
9035.709	213.000
9043.709	220.000
9051.709	228.000
9059.710	236.000
9067.710	237.000
9075.710	228.000
9083.710	235.000
9091.710	224.000
9099.710	265.000
9107.711	254.000
9115.711	226.000
9123.711	283.000
9131.711	282.000
9139.711	266.000
9147.711	255.000
9155.712	241.000
9163.712	286.000
9171.712	281.000
9179.712	266.000
9187.712	302.000
9195.712	315.000
9203.713	285.000
9211.713	287.000
9219.713	286.000
9227.713	266.000
9235.713	303.000
9243.713	301.000
9251.714	297.000
9259.714	335.000
9267.714	293.000
9275.714	324.000
9283.714	336.000
9291.714	332.000
9299.715	329.000
9307.715	314.000
9315.715	309.000
9323.715	335.000
9331.715	334.000
9339.715	332.000
9347.716	344.000
9355.716	353.000
9363.716	347.000
9371.716	331.000
9379.716	323.000
9387.716	357.000
9395.717	300.000
9403.717	324.000
9411.717	344.000
9419.717	336.000
9427.717	311.000
9435.717	302.000
9443.718	290.000
9451.718	325.000
9459.718	279.000
9467.718	323.000
9475.718	305.000
9483.718	282.000
9491.719	293.000
9499.719	296.000
9507.719	264.000
9515.719	283.000
9523.719	287.000
9531.719	264.000
9539.720	254.000
9547.720	265.000
9555.720	263.000
9563.720	229.000
9571.720	230.000
9579.720	216.000
9587.721	244.000
9595.721	228.000
9603.721	230.000
9611.721	243.000
9619.721	230.000
9627.721	225.000
9635.722	195.000
9643.722	220.000
9651.722	216.000
9659.722	208.000
9667.722	212.000
9675.722	204.000
9683.723	191.000
9691.723	209.000
9699.723	190.000
9707.723	213.000
9715.723	210.000
9723.723	183.000
9731.724	195.000
9739.724	191.000
9747.724	174.000
9755.724	176.000
9763.724	157.000
9771.724	170.000
9779.725	171.000
9787.725	194.000
9795.725	186.000
9803.725	180.000
9811.725	164.000
9819.725	170.000
9827.726	194.000
9835.726	177.000
9843.726	196.000
9851.726	194.000
9859.726	194.000
9867.726	197.000
9875.727	206.000
9883.727	188.000
9891.727	210.000
9899.727	197.000
9907.727	179.000
9915.727	189.000
9923.728	186.000
9931.728	217.000
9939.728	232.000
9947.728	206.000
9955.728	213.000
9963.728	195.000
9971.729	224.000
9979.729	197.000
9987.729	228.000
9995.729	252.000
10003.729	201.000
10011.729	221.000
10019.730	224.000
10027.730	227.000
10035.730	232.000
10043.730	231.000
10051.730	246.000
10059.730	237.000
10067.731	245.000
10075.731	252.000
10083.731	235.000
10091.731	236.000
10099.731	264.000
10107.731	230.000
10115.732	241.000
10123.732	218.000
10131.732	280.000
10139.732	258.000
10147.732	270.000
10155.732	249.000
10163.733	244.000
10171.733	231.000
10179.733	219.000
10187.733	258.000
10195.733	250.000
10203.733	264.000
10211.734	248.000
10219.734	236.000
10227.734	247.000
10235.734	222.000
10243.734	230.000
10251.734	220.000
10259.735	248.000
10267.735	246.000
10275.735	224.000
10283.735	212.000
10291.735	229.000
10299.735	185.000
10307.736	233.000
10315.736	204.000
10323.736	193.000
10331.736	208.000
10339.736	228.000
10347.736	198.000
10355.737	180.000
10363.737	192.000
10371.737	206.000
10379.737	197.000
10387.737	175.000
10395.737	204.000
10403.738	159.000
10411.738	170.000
10419.738	169.000
10427.738	174.000
10435.738	174.000
10443.738	167.000
10451.739	177.000
10459.739	176.000
10467.739	156.000
10475.739	139.000
10483.739	142.000
10491.739	152.000
10499.740	140.000
10507.740	133.000
10515.740	142.000
10523.740	131.000
10531.740	169.000
10539.740	139.000
10547.741	131.000
10555.741	151.000
10563.741	123.000
10571.741	153.000
10579.741	141.000
10587.741	137.000
10595.742	131.000
10603.742	130.000
10611.742	144.000
10619.742	148.000
10627.742	156.000
10635.742	138.000
10643.743	135.000
10651.743	145.000
10659.743	153.000
10667.743	123.000
10675.743	136.000
10683.743	144.000
10691.744	159.000
10699.744	166.000
10707.744	149.000
10715.744	147.000
10723.744	151.000
10731.744	150.000
10739.745	165.000
10747.745	164.000
10755.745	154.000
10763.745	139.000
10771.745	140.000
10779.745	151.000
10787.746	147.000
10795.746	170.000
10803.746	154.000
10811.746	169.000
10819.746	171.000
10827.746	150.000
10835.747	165.000
10843.747	180.000
10851.747	183.000
10859.747	166.000
10867.747	151.000
10875.747	181.000
10883.748	180.000
10891.748	170.000
10899.748	154.000
10907.748	167.000
10915.748	177.000
10923.748	173.000
10931.749	160.000
10939.749	178.000
10947.749	192.000
10955.749	198.000
10963.749	197.000
10971.749	196.000
10979.750	199.000
10987.750	169.000
10995.750	195.000
11003.750	188.000
11011.750	162.000
11019.750	195.000
11027.751	164.000
11035.751	158.000
11043.751	169.000
11051.751	144.000
11059.751	171.000
11067.751	156.000
11075.752	145.000
11083.752	148.000
11091.752	156.000
11099.752	155.000
11107.752	143.000
11115.752	138.000
11123.753	146.000
11131.753	126.000
11139.753	137.000
11147.753	145.000
11155.753	135.000
11163.753	155.000
11171.754	130.000
11179.754	134.000
11187.754	146.000
11195.754	126.000
11203.754	124.000
11211.754	115.000
11219.755	116.000
11227.755	128.000
11235.755	119.000
11243.755	118.000
11251.755	113.000
11259.755	111.000
11267.756	99.000
11275.756	132.000
11283.756	96.000
11291.756	116.000
11299.756	88.000
11307.756	105.000
11315.757	98.000
11323.757	103.000
11331.757	95.000
11339.757	87.000
11347.757	105.000
11355.757	104.000
11363.758	89.000
11371.758	115.000
11379.758	106.000
11387.758	98.000
11395.758	97.000
11403.758	111.000
11411.759	91.000
11419.759	109.000
11427.759	100.000
11435.759	111.000
11443.759	83.000
11451.759	98.000
11459.760	95.000
11467.760	103.000
11475.760	106.000
11483.760	106.000
11491.760	119.000
11499.760	96.000
11507.761	102.000
11515.761	107.000
11523.761	94.000
11531.761	108.000
11539.761	104.000
11547.761	96.000
11555.762	111.000
11563.762	114.000
11571.762	101.000
11579.762	113.000
11587.762	99.000
11595.762	105.000
11603.763	115.000
11611.763	95.000
11619.763	116.000
11627.763	119.000
11635.763	110.000
11643.763	134.000
11651.764	119.000
11659.764	109.000
11667.764	104.000
11675.764	115.000
11683.764	138.000
11691.764	127.000
11699.765	134.000
11707.765	109.000
11715.765	132.000
11723.765	132.000
11731.765	123.000
11739.765	129.000
11747.766	124.000
11755.766	123.000
11763.766	139.000
11771.766	114.000
11779.766	121.000
11787.766	115.000
11795.767	135.000
11803.767	120.000
11811.767	136.000
11819.767	111.000
11827.767	118.000
11835.767	106.000
11843.768	127.000
11851.768	105.000
11859.768	115.000
11867.768	108.000
11875.768	105.000
11883.768	98.000
11891.769	104.000
11899.769	106.000
11907.769	102.000
11915.769	97.000
11923.769	91.000
11931.769	102.000
11939.770	102.000
11947.770	105.000
11955.770	102.000
11963.770	90.000
11971.770	78.000
11979.770	76.000
11987.771	89.000
11995.771	86.000
12003.771	93.000
12011.771	76.000
12019.771	91.000
12027.771	94.000
12035.772	81.000
12043.772	68.000
12051.772	57.000
12059.772	83.000
12067.772	63.000
12075.772	76.000
12083.773	77.000
12091.773	72.000
12099.773	77.000
12107.773	77.000
12115.773	83.000
12123.773	82.000
12131.774	72.000
12139.774	56.000
12147.774	83.000
12155.774	67.000
12163.774	67.000
12171.774	75.000
12179.775	71.000
12187.775	58.000
12195.775	69.000
12203.775	69.000
12211.775	69.000
12219.775	71.000
12227.776	65.000
12235.776	68.000
12243.776	66.000
12251.776	73.000
12259.776	71.000
12267.776	67.000
12275.777	61.000
12283.777	66.000
12291.777	68.000
12299.777	64.000
12307.777	55.000
12315.777	63.000
12323.778	61.000
12331.778	80.000
12339.778	64.000
12347.778	72.000
12355.778	70.000
12363.778	68.000
12371.779	72.000
12379.779	59.000
12387.779	76.000
12395.779	76.000
12403.779	74.000
12411.779	67.000
12419.780	91.000
12427.780	67.000
12435.780	70.000
12443.780	68.000
12451.780	81.000
12459.780	79.000
12467.781	86.000
12475.781	70.000
12483.781	70.000
12491.781	78.000
12499.781	80.000
12507.781	76.000
12515.782	84.000
12523.782	69.000
12531.782	60.000
12539.782	99.000
12547.782	73.000
12555.782	75.000
12563.783	92.000
12571.783	89.000
12579.783	83.000
12587.783	74.000
12595.783	76.000
12603.783	98.000
12611.784	83.000
12619.784	64.000
12627.784	82.000
12635.784	81.000
12643.784	64.000
12651.784	81.000
12659.785	93.000
12667.785	59.000
12675.785	80.000
12683.785	76.000
12691.785	69.000
12699.785	70.000
12707.786	74.000
12715.786	67.000
12723.786	78.000
12731.786	66.000
12739.786	64.000
12747.786	58.000
12755.787	63.000
12763.787	76.000
12771.787	58.000
12779.787	62.000
12787.787	59.000
12795.787	62.000
12803.788	49.000
12811.788	65.000
12819.788	63.000
12827.788	60.000
12835.788	41.000
12843.788	57.000
12851.789	60.000
12859.789	56.000
12867.789	68.000
12875.789	55.000
12883.789	58.000
12891.789	51.000
12899.790	37.000
12907.790	44.000
12915.790	48.000
12923.790	33.000
12931.790	48.000
12939.790	50.000
12947.791	34.000
12955.791	38.000
12963.791	42.000
12971.791	45.000
12979.791	35.000
12987.791	41.000
12995.792	51.000
13003.792	46.000
13011.792	49.000
13019.792	53.000
13027.792	60.000
13035.792	32.000
13043.793	44.000
13051.793	54.000
13059.793	51.000
13067.793	47.000
13075.793	43.000
13083.793	48.000
13091.794	45.000
13099.794	45.000
13107.794	54.000
13115.794	38.000
13123.794	35.000
13131.794	68.000
13139.795	53.000
13147.795	51.000
13155.795	43.000
13163.795	52.000
13171.795	50.000
13179.795	50.000
13187.796	57.000
13195.796	51.000
13203.796	37.000
13211.796	51.000
13219.796	54.000
13227.796	52.000
13235.797	40.000
13243.797	54.000
13251.797	47.000
13259.797	50.000
13267.797	54.000
13275.797	57.000
13283.798	48.000
13291.798	49.000
13299.798	58.000
13307.798	49.000
13315.798	50.000
13323.798	54.000
13331.799	54.000
13339.799	59.000
13347.799	57.000
13355.799	49.000
13363.799	63.000
13371.799	62.000
13379.800	60.000
13387.800	53.000
13395.800	52.000
13403.800	55.000
13411.800	48.000
13419.800	37.000
13427.801	62.000
13435.801	56.000
13443.801	56.000
13451.801	45.000
13459.801	41.000
13467.801	45.000
13475.802	42.000
13483.802	50.000
13491.802	48.000
13499.802	49.000
13507.802	50.000
13515.802	38.000
13523.803	49.000
13531.803	54.000
13539.803	46.000
13547.803	45.000
13555.803	46.000
13563.803	32.000
13571.804	46.000
13579.804	39.000
13587.804	48.000
13595.804	45.000
13603.804	46.000
13611.804	41.000
13619.805	43.000
13627.805	41.000
13635.805	41.000
13643.805	43.000
13651.805	31.000
13659.805	49.000
13667.806	29.000
13675.806	29.000
13683.806	50.000
13691.806	35.000
13699.806	34.000
13707.806	33.000
13715.807	28.000
13723.807	37.000
13731.807	24.000
13739.807	23.000
13747.807	26.000
13755.807	35.000
13763.808	28.000
13771.808	42.000
13779.808	37.000
13787.808	25.000
13795.808	27.000
13803.808	28.000
13811.809	25.000
13819.809	21.000
13827.809	31.000
13835.809	28.000
13843.809	27.000
13851.809	27.000
13859.810	24.000
13867.810	32.000
13875.810	29.000
13883.810	39.000
13891.810	29.000
13899.810	25.000
13907.811	29.000
13915.811	32.000
13923.811	33.000
13931.811	26.000
13939.811	31.000
13947.811	34.000
13955.812	29.000
13963.812	32.000
13971.812	23.000
13979.812	33.000
13987.812	33.000
13995.812	44.000
14003.813	39.000
14011.813	36.000
14019.813	31.000
14027.813	30.000
14035.813	28.000
14043.813	29.000
14051.814	35.000
14059.814	28.000
14067.814	32.000
14075.814	31.000
14083.814	30.000
14091.814	37.000
14099.815	31.000
14107.815	30.000
14115.815	30.000
14123.815	30.000
14131.815	42.000
14139.815	28.000
14147.816	37.000
14155.816	31.000
14163.816	28.000
14171.816	51.000
14179.816	42.000
14187.816	32.000
14195.817	33.000
14203.817	30.000
14211.817	30.000
14219.817	44.000
14227.817	36.000
14235.817	32.000
14243.818	39.000
14251.818	36.000
14259.818	29.000
14267.818	31.000
14275.818	31.000
14283.818	35.000
14291.819	28.000
14299.819	41.000
14307.819	27.000
14315.819	28.000
14323.819	24.000
14331.819	22.000
14339.820	27.000
14347.820	32.000
14355.820	28.000
14363.820	28.000
14371.820	22.000
14379.820	21.000
14387.821	29.000
14395.821	29.000
14403.821	22.000
14411.821	25.000
14419.821	28.000
14427.821	26.000
14435.822	34.000
14443.822	25.000
14451.822	18.000
14459.822	20.000
14467.822	29.000
14475.822	22.000
14483.823	28.000
14491.823	16.000
14499.823	17.000
14507.823	18.000
14515.823	17.000
14523.823	22.000
14531.824	26.000
14539.824	19.000
14547.824	15.000
14555.824	27.000
14563.824	20.000
14571.824	25.000
14579.825	23.000
14587.825	17.000
14595.825	22.000
14603.825	22.000
14611.825	11.000
14619.825	12.000
14627.826	21.000
14635.826	14.000
14643.826	15.000
14651.826	17.000
14659.826	13.000
14667.826	14.000
14675.827	19.000
14683.827	13.000
14691.827	14.000
14699.827	20.000
14707.827	25.000
14715.827	26.000
14723.828	25.000
14731.828	21.000
14739.828	29.000
14747.828	21.000
14755.828	20.000
14763.828	13.000
14771.829	19.000
14779.829	28.000
14787.829	16.000
14795.829	17.000
14803.829	22.000
14811.829	10.000
14819.830	22.000
14827.830	21.000
14835.830	27.000
14843.830	26.000
14851.830	23.000
14859.830	23.000
14867.831	26.000
14875.831	16.000
14883.831	23.000
14891.831	23.000
14899.831	22.000
14907.831	17.000
14915.832	31.000
14923.832	25.000
14931.832	19.000
14939.832	25.000
14947.832	29.000
14955.832	19.000
14963.833	20.000
14971.833	20.000
14979.833	26.000
14987.833	24.000
14995.833	25.000
15003.833	14.000
15011.834	16.000
15019.834	33.000
15027.834	23.000
15035.834	22.000
15043.834	17.000
15051.834	33.000
15059.835	25.000
15067.835	22.000
15075.835	24.000
15083.835	29.000
15091.835	22.000
15099.835	18.000
15107.836	25.000
15115.836	21.000
15123.836	23.000
15131.836	20.000
15139.836	22.000
15147.836	23.000
15155.837	23.000
15163.837	15.000
15171.837	19.000
15179.837	18.000
15187.837	22.000
15195.837	22.000
15203.838	19.000
15211.838	14.000
15219.838	13.000
15227.838	21.000
15235.838	12.000
15243.838	18.000
15251.839	21.000
15259.839	13.000
15267.839	12.000
15275.839	11.000
15283.839	16.000
15291.839	12.000
15299.840	20.000
15307.840	10.000
15315.840	16.000
15323.840	18.000
15331.840	10.000
15339.840	14.000
15347.841	12.000
15355.841	22.000
15363.841	19.000
15371.841	10.000
15379.841	10.000
15387.841	20.000
15395.842	13.000
15403.842	18.000
15411.842	13.000
15419.842	14.000
15427.842	13.000
15435.842	14.000
15443.843	12.000
15451.843	17.000
15459.843	15.000
15467.843	17.000
15475.843	10.000
15483.843	12.000
15491.844	19.000
15499.844	15.000
15507.844	13.000
15515.844	17.000
15523.844	15.000
15531.844	15.000
15539.845	13.000
15547.845	17.000
15555.845	12.000
15563.845	17.000
15571.845	14.000
15579.845	15.000
15587.846	20.000
15595.846	12.000
15603.846	13.000
15611.846	24.000
15619.846	15.000
15627.846	17.000
15635.847	13.000
15643.847	20.000
15651.847	15.000
15659.847	14.000
15667.847	14.000
15675.847	15.000
15683.848	16.000
15691.848	15.000
15699.848	16.000
15707.848	16.000
15715.848	18.000
15723.848	22.000
15731.849	16.000
15739.849	17.000
15747.849	21.000
15755.849	22.000
15763.849	16.000
15771.849	16.000
15779.850	17.000
15787.850	13.000
15795.850	12.000
15803.850	17.000
15811.850	20.000
15819.850	17.000
15827.851	19.000
15835.851	20.000
15843.851	16.000
15851.851	19.000
15859.851	16.000
15867.851	13.000
15875.852	17.000
15883.852	11.000
15891.852	19.000
15899.852	14.000
15907.852	13.000
15915.852	13.000
15923.853	16.000
15931.853	18.000
15939.853	20.000
15947.853	14.000
15955.853	11.000
15963.853	21.000
15971.854	11.000
15979.854	12.000
15987.854	13.000
15995.854	6.000
16003.854	8.000
16011.854	24.000
16019.855	16.000
16027.855	12.000
16035.855	15.000
16043.855	20.000
16051.855	12.000
16059.855	16.000
16067.856	19.000
16075.856	8.000
16083.856	9.000
16091.856	8.000
16099.856	7.000
16107.856	10.000
16115.857	14.000
16123.857	14.000
16131.857	11.000
16139.857	5.000
16147.857	10.000
16155.857	13.000
16163.858	12.000
16171.858	13.000
16179.858	9.000
16187.858	9.000
16195.858	10.000
16203.858	13.000
16211.859	8.000
16219.859	7.000
16227.859	4.000
16235.859	13.000
16243.859	12.000
16251.859	7.000
16259.860	12.000
16267.860	5.000
16275.860	13.000
16283.860	12.000
16291.860	5.000
16299.860	5.000
16307.861	20.000
16315.861	14.000
16323.861	6.000
16331.861	12.000
16339.861	14.000
16347.861	12.000
16355.862	6.000
16363.862	11.000
16371.862	12.000
16379.862	9.000
16387.862	14.000
16395.862	6.000
16403.863	14.000
16411.863	14.000
16419.863	11.000
16427.863	14.000
16435.863	8.000
16443.863	12.000
16451.864	12.000
16459.864	8.000
16467.864	19.000
16475.864	12.000
16483.864	13.000
16491.864	6.000
16499.865	14.000
16507.865	4.000
16515.865	18.000
16523.865	9.000
16531.865	16.000
16539.865	11.000
16547.866	9.000
16555.866	10.000
16563.866	17.000
16571.866	18.000
16579.866	15.000
16587.866	10.000
16595.867	16.000
16603.867	13.000
16611.867	19.000
16619.867	15.000
16627.867	17.000
16635.867	15.000
16643.868	8.000
16651.868	16.000
16659.868	11.000
16667.868	15.000
16675.868	11.000
16683.868	14.000
16691.869	16.000
16699.869	7.000
16707.869	16.000
16715.869	13.000
16723.869	9.000
16731.869	9.000
16739.870	12.000
16747.870	9.000
16755.870	11.000
16763.870	9.000
16771.870	5.000
16779.870	17.000
16787.871	6.000
16795.871	13.000
16803.871	10.000
16811.871	8.000
16819.871	9.000
16827.871	7.000
16835.872	13.000
16843.872	15.000
16851.872	10.000
16859.872	16.000
16867.872	8.000
16875.872	13.000
16883.873	12.000
16891.873	9.000
16899.873	11.000
16907.873	11.000
16915.873	5.000
16923.873	9.000
16931.874	15.000
16939.874	7.000
16947.874	10.000
16955.874	5.000
16963.874	10.000
16971.874	6.000
16979.875	3.000
16987.875	8.000
16995.875	8.000
17003.875	10.000
17011.875	6.000
17019.875	8.000
17027.876	7.000
17035.876	8.000
17043.876	10.000
17051.876	4.000
17059.876	7.000
17067.876	8.000
17075.877	5.000
17083.877	10.000
17091.877	2.000
17099.877	8.000
17107.877	7.000
17115.877	8.000
17123.878	7.000
17131.878	8.000
17139.878	4.000
17147.878	15.000
17155.878	10.000
17163.878	6.000
17171.879	5.000
17179.879	6.000
17187.879	6.000
17195.879	5.000
17203.879	9.000
17211.879	16.000
17219.880	7.000
17227.880	14.000
17235.880	5.000
17243.880	13.000
17251.880	11.000
17259.880	6.000
17267.881	12.000
17275.881	2.000
17283.881	8.000
17291.881	15.000
17299.881	11.000
17307.881	8.000
17315.882	5.000
17323.882	5.000
17331.882	9.000
17339.882	8.000
17347.882	10.000
17355.882	11.000
17363.883	8.000
17371.883	12.000
17379.883	12.000
17387.883	8.000
17395.883	13.000
17403.883	9.000
17411.884	17.000
17419.884	15.000
17427.884	8.000
17435.884	10.000
17443.884	10.000
17451.884	4.000
17459.885	17.000
17467.885	9.000
17475.885	7.000
17483.885	10.000
17491.885	11.000
17499.885	11.000
17507.886	9.000
17515.886	7.000
17523.886	5.000
17531.886	11.000
17539.886	8.000
17547.886	4.000
17555.887	7.000
17563.887	6.000
17571.887	8.000
17579.887	5.000
17587.887	9.000
17595.887	10.000
17603.888	12.000
17611.888	14.000
17619.888	13.000
17627.888	10.000
17635.888	5.000
17643.888	9.000
17651.889	6.000
17659.889	7.000
17667.889	3.000
17675.889	9.000
17683.889	9.000
17691.889	13.000
17699.890	13.000
17707.890	4.000
17715.890	12.000
17723.890	6.000
17731.890	7.000
17739.890	7.000
17747.891	9.000
17755.891	5.000
17763.891	9.000
17771.891	5.000
17779.891	10.000
17787.891	6.000
17795.892	10.000
17803.892	10.000
17811.892	3.000
17819.892	9.000
17827.892	5.000
17835.892	8.000
17843.893	10.000
17851.893	6.000
17859.893	7.000
17867.893	7.000
17875.893	6.000
17883.893	7.000
17891.894	4.000
17899.894	6.000
17907.894	3.000
17915.894	10.000
17923.894	7.000
17931.894	5.000
17939.895	6.000
17947.895	6.000
17955.895	6.000
17963.895	5.000
17971.895	10.000
17979.895	5.000
17987.896	9.000
17995.896	7.000
18003.896	3.000
18011.896	6.000
18019.896	8.000
18027.896	12.000
18035.897	7.000
18043.897	10.000
18051.897	9.000
18059.897	11.000
18067.897	8.000
18075.897	6.000
18083.898	9.000
18091.898	8.000
18099.898	14.000
18107.898	7.000
18115.898	7.000
18123.898	6.000
18131.899	12.000
18139.899	8.000
18147.899	6.000
18155.899	8.000
18163.899	9.000
18171.899	12.000
18179.900	8.000
18187.900	5.000
18195.900	9.000
18203.900	4.000
18211.900	10.000
18219.900	12.000
18227.901	11.000
18235.901	7.000
18243.901	10.000
18251.901	11.000
18259.901	6.000
18267.901	16.000
18275.902	6.000
18283.902	8.000
18291.902	10.000
18299.902	5.000
18307.902	10.000
18315.902	12.000
18323.903	9.000
18331.903	8.000
18339.903	11.000
18347.903	6.000
18355.903	7.000
18363.903	8.000
18371.904	11.000
18379.904	3.000
18387.904	9.000
18395.904	3.000
18403.904	13.000
18411.904	10.000
18419.905	14.000
18427.905	7.000
18435.905	5.000
18443.905	12.000
18451.905	5.000
18459.905	8.000
18467.906	4.000
18475.906	5.000
18483.906	8.000
18491.906	6.000
18499.906	8.000
18507.906	12.000
18515.907	7.000
18523.907	6.000
18531.907	5.000
18539.907	5.000
18547.907	8.000
18555.907	7.000
18563.908	3.000
18571.908	8.000
18579.908	8.000
18587.908	7.000
18595.908	6.000
18603.908	5.000
18611.909	9.000
18619.909	3.000
18627.909	7.000
18635.909	4.000
18643.909	4.000
18651.909	1.000
18659.910	9.000
18667.910	7.000
18675.910	5.000
18683.910	11.000
18691.910	4.000
18699.910	6.000
18707.911	7.000
18715.911	8.000
18723.911	6.000
18731.911	4.000
18739.911	5.000
18747.911	6.000
18755.912	6.000
18763.912	7.000
18771.912	6.000
18779.912	6.000
18787.912	6.000
18795.912	7.000
18803.913	5.000
18811.913	6.000
18819.913	12.000
18827.913	4.000
18835.913	9.000
18843.913	6.000
18851.914	7.000
18859.914	2.000
18867.914	5.000
18875.914	6.000
18883.914	6.000
18891.914	7.000
18899.915	5.000
18907.915	2.000
18915.915	1.000
18923.915	4.000
18931.915	1.000
18939.915	10.000
18947.916	5.000
18955.916	13.000
18963.916	8.000
18971.916	6.000
18979.916	5.000
18987.916	9.000
18995.917	5.000
19003.917	4.000
19011.917	7.000
19019.917	8.000
19027.917	8.000
19035.917	4.000
19043.918	11.000
19051.918	3.000
19059.918	11.000
19067.918	9.000
19075.918	9.000
19083.918	5.000
19091.919	10.000
19099.919	3.000
19107.919	8.000
19115.919	10.000
19123.919	11.000
19131.919	5.000
19139.920	10.000
19147.920	7.000
19155.920	11.000
19163.920	10.000
19171.920	6.000
19179.920	7.000
19187.921	7.000
19195.921	7.000
19203.921	9.000
19211.921	6.000
19219.921	12.000
19227.921	4.000
19235.922	5.000
19243.922	7.000
19251.922	9.000
19259.922	5.000
19267.922	3.000
19275.922	7.000
19283.923	8.000
19291.923	5.000
19299.923	8.000
19307.923	4.000
19315.923	15.000
19323.923	8.000
19331.924	6.000
19339.924	7.000
19347.924	6.000
19355.924	7.000
19363.924	5.000
19371.924	5.000
19379.925	11.000
19387.925	5.000
19395.925	5.000
19403.925	10.000
19411.925	8.000
19419.925	9.000
19427.926	8.000
19435.926	11.000
19443.926	4.000
19451.926	3.000
19459.926	4.000
19467.926	4.000
19475.927	9.000
19483.927	4.000
19491.927	9.000
19499.927	7.000
19507.927	9.000
19515.927	2.000
19523.928	8.000
19531.928	4.000
19539.928	4.000
19547.928	4.000
19555.928	3.000
19563.928	5.000
19571.929	7.000
19579.929	8.000
19587.929	5.000
19595.929	7.000
19603.929	14.000
19611.929	3.000
19619.930	5.000
19627.930	6.000
19635.930	8.000
19643.930	7.000
19651.930	7.000
19659.930	2.000
19667.931	3.000
19675.931	9.000
19683.931	9.000
19691.931	5.000
19699.931	7.000
19707.931	9.000
19715.932	6.000
19723.932	13.000
19731.932	5.000
19739.932	2.000
19747.932	8.000
19755.932	6.000
19763.933	8.000
19771.933	4.000
19779.933	8.000
19787.933	7.000
19795.933	8.000
19803.933	6.000
19811.934	9.000
19819.934	11.000
19827.934	10.000
19835.934	6.000
19843.934	9.000
19851.934	8.000
19859.935	9.000
19867.935	8.000
19875.935	6.000
19883.935	3.000
19891.935	9.000
19899.935	9.000
19907.936	6.000
19915.936	9.000
19923.936	6.000
19931.936	9.000
19939.936	9.000
19947.936	4.000
19955.937	11.000
19963.937	6.000
19971.937	8.000
19979.937	7.000
19987.937	12.000
19995.937	7.000
20003.938	10.000
20011.938	5.000
20019.938	10.000
20027.938	4.000
20035.938	5.000
20043.938	4.000
20051.939	11.000
20059.939	6.000
20067.939	7.000
20075.939	2.000
20083.939	8.000
20091.939	9.000
20099.940	5.000
20107.940	7.000
20115.940	3.000
20123.940	3.000
20131.940	6.000
20139.940	6.000
20147.941	11.000
20155.941	6.000
20163.941	11.000
20171.941	10.000
20179.941	7.000
20187.941	4.000
20195.942	6.000
20203.942	4.000
20211.942	3.000
20219.942	9.000
20227.942	4.000
20235.942	3.000
20243.943	4.000
20251.943	7.000
20259.943	6.000
20267.943	6.000
20275.943	1.000
20283.943	7.000
20291.944	3.000
20299.944	4.000
20307.944	9.000
20315.944	5.000
20323.944	3.000
20331.944	3.000
20339.945	5.000
20347.945	6.000
20355.945	4.000
20363.945	4.000
20371.945	2.000
20379.945	5.000
20387.946	1.000
20395.946	6.000
20403.946	9.000
20411.946	8.000
20419.946	6.000
20427.946	8.000
20435.947	1.000
20443.947	4.000
20451.947	5.000
20459.947	2.000
20467.947	4.000
20475.947	7.000
20483.948	6.000
20491.948	7.000
20499.948	7.000
20507.948	3.000
20515.948	4.000
20523.948	5.000
20531.949	7.000
20539.949	8.000
20547.949	4.000
20555.949	6.000
20563.949	4.000
20571.949	13.000
20579.950	4.000
20587.950	4.000
20595.950	5.000
20603.950	8.000
20611.950	11.000
20619.950	2.000
20627.951	3.000
20635.951	11.000
20643.951	10.000
20651.951	4.000
20659.951	1.000
20667.951	7.000
20675.952	5.000
20683.952	4.000
20691.952	4.000
20699.952	8.000
20707.952	11.000
20715.952	8.000
20723.953	7.000
20731.953	4.000
20739.953	4.000
20747.953	10.000
20755.953	4.000
20763.953	7.000
20771.954	7.000
20779.954	10.000
20787.954	3.000
20795.954	7.000
20803.954	9.000
20811.954	5.000
20819.955	7.000
20827.955	7.000
20835.955	4.000
20843.955	2.000
20851.955	4.000
20859.955	7.000
20867.956	6.000
20875.956	8.000
20883.956	9.000
20891.956	7.000
20899.956	2.000
20907.956	5.000
20915.957	7.000
20923.957	7.000
20931.957	6.000
20939.957	6.000
20947.957	3.000
20955.957	9.000
20963.958	5.000
20971.958	5.000
20979.958	6.000
20987.958	5.000
20995.958	9.000
21003.958	6.000
21011.959	5.000
21019.959	8.000
21027.959	5.000
21035.959	4.000
21043.959	7.000
21051.959	5.000
21059.960	3.000
21067.960	7.000
21075.960	5.000
21083.960	5.000
21091.960	5.000
21099.960	6.000
21107.961	2.000
21115.961	4.000
21123.961	3.000
21131.961	3.000
21139.961	4.000
21147.961	2.000
21155.962	4.000
21163.962	4.000
21171.962	11.000
21179.962	5.000
21187.962	3.000
21195.962	5.000
21203.963	2.000
21211.963	4.000
21219.963	1.000
21227.963	5.000
21235.963	7.000
21243.963	1.000
21251.964	7.000
21259.964	9.000
21267.964	6.000
21275.964	6.000
21283.964	5.000
21291.964	5.000
21299.965	3.000
21307.965	6.000
21315.965	9.000
21323.965	4.000
21331.965	5.000
21339.965	5.000
21347.966	4.000
21355.966	4.000
21363.966	4.000
21371.966	11.000
21379.966	8.000
21387.966	7.000
21395.967	4.000
21403.967	4.000
21411.967	5.000
21419.967	13.000
21427.967	6.000
21435.967	6.000
21443.968	7.000
21451.968	2.000
21459.968	7.000
21467.968	5.000
21475.968	5.000
21483.968	4.000
21491.969	11.000
21499.969	6.000
21507.969	11.000
21515.969	7.000
21523.969	10.000
21531.969	4.000
21539.970	9.000
21547.970	4.000
21555.970	7.000
21563.970	12.000
21571.970	10.000
21579.970	6.000
21587.971	3.000
21595.971	4.000
21603.971	7.000
21611.971	7.000
21619.971	8.000
21627.971	6.000
21635.972	4.000
21643.972	7.000
21651.972	5.000
21659.972	9.000
21667.972	8.000
21675.972	3.000
21683.973	7.000
21691.973	5.000
21699.973	4.000
21707.973	7.000
21715.973	2.000
21723.973	13.000
21731.974	8.000
21739.974	3.000
21747.974	5.000
21755.974	10.000
21763.974	3.000
21771.974	3.000
21779.975	5.000
21787.975	8.000
21795.975	7.000
21803.975	10.000
21811.975	4.000
21819.975	4.000
21827.976	5.000
21835.976	3.000
21843.976	6.000
21851.976	3.000
21859.976	4.000
21867.976	2.000
21875.977	6.000
21883.977	6.000
21891.977	8.000
21899.977	6.000
21907.977	2.000
21915.977	0.000
21923.978	4.000
21931.978	5.000
21939.978	6.000
21947.978	1.000
21955.978	4.000
21963.978	2.000
21971.979	8.000
21979.979	3.000
21987.979	2.000
21995.979	3.000
22003.979	7.000
22011.979	5.000
22019.980	6.000
22027.980	5.000
22035.980	3.000
22043.980	7.000
22051.980	6.000
22059.980	2.000
22067.981	3.000
22075.981	7.000
22083.981	2.000
22091.981	6.000
22099.981	7.000
22107.981	3.000
22115.982	10.000
22123.982	9.000
22131.982	6.000
22139.982	2.000
22147.982	5.000
22155.982	8.000
22163.983	4.000
22171.983	11.000
22179.983	5.000
22187.983	6.000
22195.983	6.000
22203.983	7.000
22211.984	2.000
22219.984	1.000
22227.984	5.000
22235.984	11.000
22243.984	10.000
22251.984	4.000
22259.985	6.000
22267.985	11.000
22275.985	15.000
22283.985	9.000
22291.985	7.000
22299.985	4.000
22307.986	7.000
22315.986	7.000
22323.986	9.000
22331.986	6.000
22339.986	5.000
22347.986	4.000
22355.987	5.000
22363.987	5.000
22371.987	4.000
22379.987	6.000
22387.987	5.000
22395.987	7.000
22403.988	4.000
22411.988	3.000
22419.988	5.000
22427.988	6.000
22435.988	7.000
22443.988	4.000
22451.989	8.000
22459.989	6.000
22467.989	3.000
22475.989	6.000
22483.989	4.000
22491.989	2.000
22499.990	7.000
22507.990	7.000
22515.990	8.000
22523.990	5.000
22531.990	4.000
22539.990	7.000
22547.991	9.000
22555.991	4.000
22563.991	5.000
22571.991	6.000
22579.991	8.000
22587.991	8.000
22595.992	5.000
22603.992	5.000
22611.992	12.000
22619.992	6.000
22627.992	3.000
22635.992	2.000
22643.993	2.000
22651.993	3.000
22659.993	2.000
22667.993	5.000
22675.993	8.000
22683.993	5.000
22691.994	6.000
22699.994	10.000
22707.994	5.000
22715.994	9.000
22723.994	5.000
22731.994	4.000
22739.995	4.000
22747.995	1.000
22755.995	3.000
22763.995	7.000
22771.995	4.000
22779.995	3.000
22787.996	6.000
22795.996	3.000
22803.996	4.000
22811.996	6.000
22819.996	8.000
22827.996	6.000
22835.997	2.000
22843.997	4.000
22851.997	1.000
22859.997	4.000
22867.997	3.000
22875.997	2.000
22883.998	4.000
22891.998	4.000
22899.998	7.000
22907.998	6.000
22915.998	8.000
22923.998	3.000
22931.999	3.000
22939.999	7.000
22947.999	2.000
22955.999	0.000
22963.999	6.000
22971.999	6.000
22980.000	5.000
22988.000	8.000
22996.000	8.000
