-996.500	0.000
-988.500	0.000
-980.500	0.000
-972.499	0.000
-964.499	0.000
-956.499	0.000
-948.499	0.000
-940.499	0.000
-932.499	0.000
-924.498	0.000
-916.498	0.000
-908.498	0.000
-900.498	0.000
-892.498	0.000
-884.498	0.000
-876.497	0.000
-868.497	0.000
-860.497	0.000
-852.497	1.000
-844.497	0.000
-836.497	0.000
-828.496	0.000
-820.496	0.000
-812.496	0.000
-804.496	0.000
-796.496	0.000
-788.496	1.000
-780.495	0.000
-772.495	0.000
-764.495	0.000
-756.495	0.000
-748.495	1.000
-740.495	1.000
-732.494	0.000
-724.494	0.000
-716.494	0.000
-708.494	0.000
-700.494	0.000
-692.494	0.000
-684.493	0.000
-676.493	0.000
-668.493	1.000
-660.493	0.000
-652.493	3.000
-644.493	1.000
-636.492	0.000
-628.492	2.000
-620.492	1.000
-612.492	1.000
-604.492	2.000
-596.492	4.000
-588.491	4.000
-580.491	1.000
-572.491	3.000
-564.491	4.000
-556.491	4.000
-548.491	4.000
-540.490	3.000
-532.490	10.000
-524.490	10.000
-516.490	7.000
-508.490	4.000
-500.490	5.000
-492.489	12.000
-484.489	11.000
-476.489	16.000
-468.489	15.000
-460.489	18.000
-452.489	20.000
-444.488	16.000
-436.488	19.000
-428.488	14.000
-420.488	22.000
-412.488	22.000
-404.488	30.000
-396.487	24.000
-388.487	29.000
-380.487	33.000
-372.487	37.000
-364.487	34.000
-356.487	53.000
-348.486	48.000
-340.486	67.000
-332.486	49.000
-324.486	67.000
-316.486	78.000
-308.486	72.000
-300.485	79.000
-292.485	89.000
-284.485	106.000
-276.485	106.000
-268.485	112.000
-260.485	109.000
-252.484	145.000
-244.484	146.000
-236.484	132.000
-228.484	150.000
-220.484	171.000
-212.484	166.000
-204.483	154.000
-196.483	187.000
-188.483	201.000
-180.483	201.000
-172.483	205.000
-164.483	207.000
-156.482	245.000
-148.482	247.000
-140.482	250.000
-132.482	253.000
-124.482	238.000
-116.482	249.000
-108.481	294.000
-100.481	261.000
-92.481	257.000
-84.481	298.000
-76.481	273.000
-68.481	295.000
-60.480	294.000
-52.480	274.000
-44.480	287.000
-36.480	282.000
-28.480	269.000
-20.480	281.000
-12.479	257.000
-4.479	258.000
3.521	247.000
11.521	245.000
19.521	234.000
27.521	268.000
35.522	270.000
43.522	237.000
51.522	237.000
59.522	238.000
67.522	247.000
75.522	218.000
83.523	243.000
91.523	225.000
99.523	216.000
107.523	203.000
115.523	218.000
123.523	212.000
131.524	173.000
139.524	202.000
147.524	195.000
155.524	181.000
163.524	188.000
171.524	200.000
179.525	187.000
187.525	178.000
195.525	195.000
203.525	184.000
211.525	200.000
219.525	191.000
227.526	205.000
235.526	210.000
243.526	223.000
251.526	241.000
259.526	218.000
267.526	224.000
275.527	260.000
283.527	238.000
291.527	218.000
299.527	303.000
307.527	308.000
315.527	283.000
323.528	326.000
331.528	324.000
339.528	359.000
347.528	366.000
355.528	356.000
363.528	380.000
371.529	384.000
379.529	418.000
387.529	402.000
395.529	439.000
403.529	434.000
411.529	497.000
419.530	499.000
427.530	486.000
435.530	557.000
443.530	528.000
451.530	538.000
459.530	589.000
467.531	543.000
475.531	552.000
483.531	601.000
491.531	665.000
499.531	619.000
507.531	653.000
515.532	665.000
523.532	697.000
531.532	674.000
539.532	655.000
547.532	668.000
555.532	662.000
563.533	668.000
571.533	687.000
579.533	700.000
587.533	685.000
595.533	671.000
603.533	694.000
611.534	687.000
619.534	700.000
627.534	663.000
635.534	642.000
643.534	646.000
651.534	594.000
659.535	632.000
667.535	587.000
675.535	560.000
683.535	608.000
691.535	596.000
699.535	563.000
707.536	539.000
715.536	511.000
723.536	492.000
731.536	513.000
739.536	512.000
747.536	491.000
755.537	489.000
763.537	490.000
771.537	451.000
779.537	463.000
787.537	456.000
795.537	457.000
803.538	425.000
811.538	443.000
819.538	426.000
827.538	431.000
835.538	455.000
843.538	435.000
851.539	418.000
859.539	421.000
867.539	438.000
875.539	452.000
883.539	452.000
891.539	490.000
899.540	468.000
907.540	476.000
915.540	426.000
923.540	482.000
931.540	499.000
939.540	496.000
947.541	488.000
955.541	534.000
963.541	569.000
971.541	547.000
979.541	626.000
987.541	592.000
995.542	614.000
1003.542	669.000
1011.542	669.000
1019.542	695.000
1027.542	700.000
1035.542	726.000
1043.543	710.000
1051.543	789.000
1059.543	824.000
1067.543	806.000
1075.543	826.000
1083.543	856.000
1091.544	889.000
1099.544	901.000
1107.544	895.000
1115.544	868.000
1123.544	936.000
1131.544	906.000
1139.545	990.000
1147.545	1003.000
1155.545	1001.000
1163.545	950.000
1171.545	1019.000
1179.545	984.000
1187.546	981.000
1195.546	962.000
1203.546	920.000
1211.546	984.000
1219.546	978.000
1227.546	934.000
1235.547	1003.000
1243.547	927.000
1251.547	903.000
1259.547	907.000
1267.547	916.000
1275.547	898.000
1283.548	884.000
1291.548	835.000
1299.548	844.000
1307.548	880.000
1315.548	803.000
1323.548	815.000
1331.549	746.000
1339.549	750.000
1347.549	747.000
1355.549	746.000
1363.549	682.000
1371.549	695.000
1379.550	670.000
1387.550	689.000
1395.550	635.000
1403.550	679.000
1411.550	619.000
1419.550	627.000
1427.551	633.000
1435.551	591.000
1443.551	579.000
1451.551	573.000
1459.551	580.000
1467.551	602.000
1475.552	593.000
1483.552	566.000
1491.552	575.000
1499.552	580.000
1507.552	604.000
1515.552	599.000
1523.553	618.000
1531.553	642.000
1539.553	609.000
1547.553	621.000
1555.553	652.000
1563.553	647.000
1571.554	672.000
1579.554	675.000
1587.554	706.000
1595.554	698.000
1603.554	679.000
1611.554	699.000
1619.555	761.000
1627.555	751.000
1635.555	810.000
1643.555	809.000
1651.555	768.000
1659.555	866.000
1667.556	916.000
1675.556	913.000
1683.556	896.000
1691.556	920.000
1699.556	899.000
1707.556	987.000
1715.557	1051.000
1723.557	1020.000
1731.557	1085.000
1739.557	1041.000
1747.557	1053.000
1755.557	1078.000
1763.558	1036.000
1771.558	1117.000
1779.558	1104.000
1787.558	1076.000
1795.558	1053.000
1803.558	1082.000
1811.559	1093.000
1819.559	1048.000
1827.559	1097.000
1835.559	1150.000
1843.559	1130.000
1851.559	1098.000
1859.560	1068.000
1867.560	1071.000
1875.560	1081.000
1883.560	1038.000
1891.560	1053.000
1899.560	1106.000
1907.561	952.000
1915.561	1022.000
1923.561	1006.000
1931.561	990.000
1939.561	969.000
1947.561	908.000
1955.562	905.000
1963.562	875.000
1971.562	896.000
1979.562	855.000
1987.562	896.000
1995.562	834.000
2003.563	772.000
2011.563	816.000
2019.563	784.000
2027.563	748.000
2035.563	774.000
2043.563	708.000
2051.564	702.000
2059.564	747.000
2067.564	680.000
2075.564	680.000
2083.564	707.000
2091.564	651.000
2099.565	657.000
2107.565	641.000
2115.565	722.000
2123.565	664.000
2131.565	646.000
2139.565	711.000
2147.566	671.000
2155.566	697.000
2163.566	688.000
2171.566	692.000
2179.566	637.000
2187.566	706.000
2195.567	745.000
2203.567	752.000
2211.567	723.000
2219.567	788.000
2227.567	755.000
2235.567	814.000
2243.568	832.000
2251.568	818.000
2259.568	829.000
2267.568	841.000
2275.568	877.000
2283.568	838.000
2291.569	901.000
2299.569	921.000
2307.569	949.000
2315.569	1007.000
2323.569	1030.000
2331.569	989.000
2339.570	969.000
2347.570	1046.000
2355.570	1019.000
2363.570	1041.000
2371.570	1047.000
2379.570	1099.000
2387.571	1097.000
2395.571	1099.000
2403.571	1078.000
2411.571	1135.000
2419.571	1119.000
2427.571	1153.000
2435.572	1107.000
2443.572	1205.000
2451.572	1184.000
2459.572	1163.000
2467.572	1193.000
2475.572	1183.000
2483.573	1129.000
2491.573	1175.000
2499.573	1105.000
2507.573	1133.000
2515.573	1083.000
2523.573	1129.000
2531.574	1096.000
2539.574	1043.000
2547.574	1066.000
2555.574	1047.000
2563.574	1031.000
2571.574	998.000
2579.575	1008.000
2587.575	942.000
2595.575	947.000
2603.575	898.000
2611.575	897.000
2619.575	895.000
2627.576	911.000
2635.576	882.000
2643.576	837.000
2651.576	843.000
2659.576	843.000
2667.576	749.000
2675.577	785.000
2683.577	736.000
2691.577	762.000
2699.577	753.000
2707.577	749.000
2715.577	736.000
2723.578	683.000
2731.578	668.000
2739.578	718.000
2747.578	722.000
2755.578	650.000
2763.578	700.000
2771.579	706.000
2779.579	667.000
2787.579	686.000
2795.579	731.000
2803.579	727.000
2811.579	684.000
2819.580	781.000
2827.580	745.000
2835.580	772.000
2843.580	754.000
2851.580	709.000
2859.580	774.000
2867.581	770.000
2875.581	770.000
2883.581	832.000
2891.581	862.000
2899.581	884.000
2907.581	874.000
2915.582	877.000
2923.582	886.000
2931.582	923.000
2939.582	907.000
2947.582	909.000
2955.582	967.000
2963.583	946.000
2971.583	1040.000
2979.583	965.000
2987.583	1017.000
2995.583	1069.000
3003.583	993.000
3011.584	1089.000
3019.584	1125.000
3027.584	1099.000
3035.584	1110.000
3043.584	1086.000
3051.584	1105.000
3059.585	1113.000
3067.585	1115.000
3075.585	1165.000
3083.585	1160.000
3091.585	1166.000
3099.585	1035.000
3107.586	1145.000
3115.586	1188.000
3123.586	1082.000
3131.586	1143.000
3139.586	1091.000
3147.586	1135.000
3155.587	1122.000
3163.587	1116.000
3171.587	1079.000
3179.587	1063.000
3187.587	1099.000
3195.587	1119.000
3203.588	1040.000
3211.588	1047.000
3219.588	1001.000
3227.588	931.000
3235.588	965.000
3243.588	937.000
3251.589	895.000
3259.589	856.000
3267.589	836.000
3275.589	809.000
3283.589	844.000
3291.589	797.000
3299.590	790.000
3307.590	786.000
3315.590	781.000
3323.590	825.000
3331.590	725.000
3339.590	736.000
3347.591	747.000
3355.591	717.000
3363.591	741.000
3371.591	714.000
3379.591	712.000
3387.591	689.000
3395.592	714.000
3403.592	707.000
3411.592	725.000
3419.592	669.000
3427.592	687.000
3435.592	723.000
3443.593	664.000
3451.593	653.000
3459.593	690.000
3467.593	731.000
3475.593	767.000
3483.593	727.000
3491.594	745.000
3499.594	766.000
3507.594	812.000
3515.594	789.000
3523.594	805.000
3531.594	788.000
3539.595	811.000
3547.595	864.000
3555.595	856.000
3563.595	867.000
3571.595	857.000
3579.595	911.000
3587.596	905.000
3595.596	950.000
3603.596	1011.000
3611.596	959.000
3619.596	947.000
3627.596	988.000
3635.597	1064.000
3643.597	1041.000
3651.597	974.000
3659.597	1009.000
3667.597	1068.000
3675.597	1059.000
3683.598	1141.000
3691.598	1139.000
3699.598	1051.000
3707.598	1144.000
3715.598	1132.000
3723.598	1112.000
3731.599	1098.000
3739.599	1171.000
3747.599	1135.000
3755.599	1094.000
3763.599	1050.000
3771.599	1137.000
3779.600	1115.000
3787.600	1077.000
3795.600	1050.000
3803.600	1055.000
3811.600	1087.000
3819.600	1097.000
3827.601	1050.000
3835.601	1022.000
3843.601	1016.000
3851.601	971.000
3859.601	1011.000
3867.601	916.000
3875.602	961.000
3883.602	940.000
3891.602	921.000
3899.602	870.000
3907.602	849.000
3915.602	834.000
3923.603	804.000
3931.603	818.000
3939.603	785.000
3947.603	763.000
3955.603	798.000
3963.603	742.000
3971.604	747.000
3979.604	751.000
3987.604	716.000
3995.604	713.000
4003.604	734.000
4011.604	687.000
4019.605	663.000
4027.605	686.000
4035.605	649.000
4043.605	637.000
4051.605	665.000
4059.605	669.000
4067.606	681.000
4075.606	650.000
4083.606	684.000
4091.606	679.000
4099.606	706.000
4107.606	695.000
4115.607	701.000
4123.607	708.000
4131.607	716.000
4139.607	707.000
4147.607	690.000
4155.607	743.000
4163.608	791.000
4171.608	779.000
4179.608	786.000
4187.608	785.000
4195.608	858.000
4203.608	840.000
4211.609	838.000
4219.609	902.000
4227.609	865.000
4235.609	892.000
4243.609	878.000
4251.609	839.000
4259.610	899.000
4267.610	976.000
4275.610	930.000
4283.610	927.000
4291.610	971.000
4299.610	927.000
4307.611	935.000
4315.611	960.000
4323.611	983.000
4331.611	943.000
4339.611	1071.000
4347.611	1014.000
4355.612	1104.000
4363.612	1014.000
4371.612	1031.000
4379.612	968.000
4387.612	950.000
4395.612	1081.000
4403.613	1016.000
4411.613	1023.000
4419.613	1014.000
4427.613	1012.000
4435.613	955.000
4443.613	1038.000
4451.614	957.000
4459.614	905.000
4467.614	918.000
4475.614	951.000
4483.614	916.000
4491.614	885.000
4499.615	928.000
4507.615	889.000
4515.615	860.000
4523.615	847.000
4531.615	835.000
4539.615	812.000
4547.616	786.000
4555.616	735.000
4563.616	795.000
4571.616	790.000
4579.616	691.000
4587.616	725.000
4595.617	742.000
4603.617	699.000
4611.617	701.000
4619.617	655.000
4627.617	723.000
4635.617	663.000
4643.618	673.000
4651.618	702.000
4659.618	609.000
4667.618	654.000
4675.618	611.000
4683.618	619.000
4691.619	620.000
4699.619	613.000
4707.619	642.000
4715.619	602.000
4723.619	597.000
4731.619	629.000
4739.620	651.000
4747.620	613.000
4755.620	572.000
4763.620	625.000
4771.620	622.000
4779.620	692.000
4787.621	659.000
4795.621	719.000
4803.621	689.000
4811.621	629.000
4819.621	704.000
4827.621	682.000
4835.622	694.000
4843.622	695.000
4851.622	757.000
4859.622	769.000
4867.622	789.000
4875.622	775.000
4883.623	781.000
4891.623	808.000
4899.623	774.000
4907.623	834.000
4915.623	852.000
4923.623	807.000
4931.624	867.000
4939.624	855.000
4947.624	855.000
4955.624	927.000
4963.624	865.000
4971.624	882.000
4979.625	933.000
4987.625	939.000
4995.625	934.000
5003.625	896.000
5011.625	915.000
5019.625	902.000
5027.626	937.000
5035.626	895.000
5043.626	928.000
5051.626	921.000
5059.626	954.000
5067.626	860.000
5075.627	913.000
5083.627	878.000
5091.627	857.000
5099.627	844.000
5107.627	830.000
5115.627	801.000
5123.628	831.000
5131.628	832.000
5139.628	811.000
5147.628	806.000
5155.628	804.000
5163.628	778.000
5171.629	741.000
5179.629	764.000
5187.629	745.000
5195.629	677.000
5203.629	765.000
5211.629	667.000
5219.630	654.000
5227.630	653.000
5235.630	660.000
5243.630	622.000
5251.630	582.000
5259.630	624.000
5267.631	622.000
5275.631	627.000
5283.631	587.000
5291.631	554.000
5299.631	587.000
5307.631	573.000
5315.632	596.000
5323.632	518.000
5331.632	587.000
5339.632	510.000
5347.632	551.000
5355.632	538.000
5363.633	528.000
5371.633	530.000
5379.633	537.000
5387.633	582.000
5395.633	581.000
5403.633	559.000
5411.634	544.000
5419.634	608.000
5427.634	565.000
5435.634	560.000
5443.634	546.000
5451.634	595.000
5459.635	599.000
5467.635	631.000
5475.635	647.000
5483.635	631.000
5491.635	621.000
5499.635	610.000
5507.636	630.000
5515.636	579.000
5523.636	672.000
5531.636	727.000
5539.636	685.000
5547.636	717.000
5555.637	659.000
5563.637	690.000
5571.637	693.000
5579.637	728.000
5587.637	705.000
5595.637	767.000
5603.638	758.000
5611.638	781.000
5619.638	767.000
5627.638	772.000
5635.638	739.000
5643.638	784.000
5651.639	739.000
5659.639	733.000
5667.639	773.000
5675.639	790.000
5683.639	817.000
5691.639	777.000
5699.640	802.000
5707.640	753.000
5715.640	733.000
5723.640	798.000
5731.640	732.000
5739.640	744.000
5747.641	783.000
5755.641	729.000
5763.641	710.000
5771.641	662.000
5779.641	689.000
5787.641	699.000
5795.642	674.000
5803.642	696.000
5811.642	618.000
5819.642	650.000
5827.642	633.000
5835.642	643.000
5843.643	603.000
5851.643	555.000
5859.643	637.000
5867.643	569.000
5875.643	573.000
5883.643	543.000
5891.644	577.000
5899.644	575.000
5907.644	510.000
5915.644	533.000
5923.644	530.000
5931.644	511.000
5939.645	466.000
5947.645	498.000
5955.645	488.000
5963.645	474.000
5971.645	511.000
5979.645	450.000
5987.646	485.000
5995.646	485.000
6003.646	439.000
6011.646	463.000
6019.646	438.000
6027.646	429.000
6035.647	477.000
6043.647	458.000
6051.647	483.000
6059.647	451.000
6067.647	466.000
6075.647	446.000
6083.648	478.000
6091.648	479.000
6099.648	495.000
6107.648	529.000
6115.648	495.000
6123.648	549.000
6131.649	517.000
6139.649	492.000
6147.649	514.000
6155.649	520.000
6163.649	579.000
6171.649	545.000
6179.650	527.000
6187.650	548.000
6195.650	580.000
6203.650	567.000
6211.650	586.000
6219.650	605.000
6227.651	556.000
6235.651	614.000
6243.651	577.000
6251.651	590.000
6259.651	657.000
6267.651	645.000
6275.652	619.000
6283.652	632.000
6291.652	607.000
6299.652	638.000
6307.652	614.000
6315.652	663.000
6323.653	624.000
6331.653	637.000
6339.653	670.000
6347.653	639.000
6355.653	585.000
6363.653	640.000
6371.654	622.000
6379.654	630.000
6387.654	642.000
6395.654	570.000
6403.654	607.000
6411.654	586.000
6419.655	536.000
6427.655	536.000
6435.655	578.000
6443.655	530.000
6451.655	524.000
6459.655	521.000
6467.656	511.000
6475.656	553.000
6483.656	493.000
6491.656	513.000
6499.656	485.000
6507.656	463.000
6515.657	436.000
6523.657	480.000
6531.657	444.000
6539.657	468.000
6547.657	448.000
6555.657	430.000
6563.658	430.000
6571.658	423.000
6579.658	415.000
6587.658	383.000
6595.658	397.000
6603.658	385.000
6611.659	362.000
6619.659	366.000
6627.659	389.000
6635.659	404.000
6643.659	355.000
6651.659	389.000
6659.660	359.000
6667.660	395.000
6675.660	383.000
6683.660	387.000
6691.660	362.000
6699.660	411.000
6707.661	353.000
6715.661	319.000
6723.661	356.000
6731.661	419.000
6739.661	370.000
6747.661	376.000
6755.662	360.000
6763.662	407.000
6771.662	383.000
6779.662	420.000
6787.662	416.000
6795.662	410.000
6803.663	405.000
6811.663	404.000
6819.663	464.000
6827.663	465.000
6835.663	435.000
6843.663	437.000
6851.664	418.000
6859.664	473.000
6867.664	454.000
6875.664	442.000
6883.664	480.000
6891.664	474.000
6899.665	501.000
6907.665	492.000
6915.665	527.000
6923.665	496.000
6931.665	501.000
6939.665	513.000
6947.666	493.000
6955.666	519.000
6963.666	467.000
6971.666	534.000
6979.666	500.000
6987.666	494.000
6995.667	523.000
7003.667	491.000
7011.667	493.000
7019.667	418.000
7027.667	481.000
7035.667	502.000
7043.668	489.000
7051.668	460.000
7059.668	466.000
7067.668	451.000
7075.668	449.000
7083.668	478.000
7091.669	440.000
7099.669	451.000
7107.669	447.000
7115.669	420.000
7123.669	412.000
7131.669	426.000
7139.670	421.000
7147.670	410.000
7155.670	361.000
7163.670	375.000
7171.670	325.000
7179.670	380.000
7187.671	337.000
7195.671	339.000
7203.671	334.000
7211.671	343.000
7219.671	326.000
7227.671	295.000
7235.672	321.000
7243.672	321.000
7251.672	280.000
7259.672	307.000
7267.672	296.000
7275.672	299.000
7283.673	299.000
7291.673	302.000
7299.673	275.000
7307.673	301.000
7315.673	268.000
7323.673	305.000
7331.674	309.000
7339.674	306.000
7347.674	285.000
7355.674	293.000
7363.674	258.000
7371.674	312.000
7379.675	310.000
7387.675	276.000
7395.675	280.000
7403.675	278.000
7411.675	319.000
7419.675	295.000
7427.676	287.000
7435.676	341.000
7443.676	350.000
7451.676	310.000
7459.676	320.000
7467.676	341.000
7475.677	360.000
7483.677	373.000
7491.677	350.000
7499.677	368.000
7507.677	395.000
7515.677	327.000
7523.678	380.000
7531.678	337.000
7539.678	374.000
7547.678	374.000
7555.678	396.000
7563.678	419.000
7571.679	417.000
7579.679	344.000
7587.679	389.000
7595.679	394.000
7603.679	377.000
7611.679	386.000
7619.680	391.000
7627.680	396.000
7635.680	399.000
7643.680	376.000
7651.680	388.000
7659.680	385.000
7667.681	393.000
7675.681	348.000
7683.681	368.000
7691.681	353.000
7699.681	356.000
7707.681	346.000
7715.682	327.000
7723.682	379.000
7731.682	364.000
7739.682	336.000
7747.682	336.000
7755.682	331.000
7763.683	294.000
7771.683	307.000
7779.683	291.000
7787.683	333.000
7795.683	267.000
7803.683	317.000
7811.684	309.000
7819.684	304.000
7827.684	311.000
7835.684	264.000
7843.684	239.000
7851.684	241.000
7859.685	287.000
7867.685	250.000
7875.685	258.000
7883.685	201.000
7891.685	211.000
7899.685	224.000
7907.686	247.000
7915.686	251.000
7923.686	238.000
7931.686	210.000
7939.686	211.000
7947.686	231.000
7955.687	230.000
7963.687	221.000
7971.687	219.000
7979.687	227.000
7987.687	227.000
7995.687	218.000
8003.688	217.000
8011.688	208.000
8019.688	208.000
8027.688	207.000
8035.688	208.000
8043.688	249.000
8051.689	238.000
8059.689	252.000
8067.689	243.000
8075.689	243.000
8083.689	261.000
8091.689	267.000
8099.690	260.000
8107.690	269.000
8115.690	259.000
8123.690	263.000
8131.690	244.000
8139.690	275.000
8147.691	281.000
8155.691	267.000
8163.691	261.000
8171.691	260.000
8179.691	277.000
8187.691	268.000
8195.692	276.000
8203.692	244.000
8211.692	284.000
8219.692	279.000
8227.692	311.000
8235.692	286.000
8243.693	279.000
8251.693	260.000
8259.693	276.000
8267.693	276.000
8275.693	318.000
8283.693	282.000
8291.694	316.000
8299.694	281.000
8307.694	295.000
8315.694	294.000
8323.694	306.000
8331.694	275.000
8339.695	276.000
8347.695	291.000
8355.695	270.000
8363.695	282.000
8371.695	277.000
8379.695	259.000
8387.696	251.000
8395.696	244.000
8403.696	249.000
8411.696	234.000
8419.696	217.000
8427.696	245.000
8435.697	219.000
8443.697	222.000
8451.697	214.000
8459.697	233.000
8467.697	195.000
8475.697	206.000
8483.698	214.000
8491.698	221.000
8499.698	216.000
8507.698	207.000
8515.698	204.000
8523.698	201.000
8531.699	181.000
8539.699	170.000
8547.699	186.000
8555.699	176.000
8563.699	173.000
8571.699	203.000
8579.700	177.000
8587.700	183.000
8595.700	176.000
8603.700	173.000
8611.700	166.000
8619.700	166.000
8627.701	176.000
8635.701	164.000
8643.701	170.000
8651.701	184.000
8659.701	174.000
8667.701	190.000
8675.702	166.000
8683.702	157.000
8691.702	195.000
8699.702	184.000
8707.702	178.000
8715.702	182.000
8723.703	178.000
8731.703	212.000
8739.703	186.000
8747.703	174.000
8755.703	182.000
8763.703	178.000
8771.704	191.000
8779.704	187.000
8787.704	178.000
8795.704	190.000
8803.704	210.000
8811.704	202.000
8819.705	190.000
8827.705	215.000
8835.705	207.000
8843.705	227.000
8851.705	217.000
8859.705	245.000
8867.706	204.000
8875.706	192.000
8883.706	208.000
8891.706	212.000
8899.706	216.000
8907.706	243.000
8915.707	243.000
8923.707	223.000
8931.707	227.000
8939.707	238.000
8947.707	247.000
8955.707	230.000
8963.708	224.000
8971.708	212.000
8979.708	210.000
8987.708	232.000
8995.708	199.000
9003.708	195.000
9011.709	224.000
9019.709	201.000
9027.709	196.000
9035.709	193.000
9043.709	195.000
9051.709	218.000
9059.710	197.000
9067.710	197.000
9075.710	161.000
9083.710	203.000
9091.710	194.000
9099.710	199.000
9107.711	162.000
9115.711	182.000
9123.711	166.000
9131.711	156.000
9139.711	189.000
9147.711	158.000
9155.712	143.000
9163.712	151.000
9171.712	149.000
9179.712	146.000
9187.712	138.000
9195.712	147.000
9203.713	171.000
9211.713	155.000
9219.713	138.000
9227.713	135.000
9235.713	131.000
9243.713	125.000
9251.714	128.000
9259.714	136.000
9267.714	137.000
9275.714	139.000
9283.714	118.000
9291.714	120.000
9299.715	132.000
9307.715	123.000
9315.715	158.000
9323.715	135.000
9331.715	128.000
9339.715	128.000
9347.716	149.000
9355.716	128.000
9363.716	146.000
9371.716	153.000
9379.716	176.000
9387.716	138.000
9395.717	139.000
9403.717	143.000
9411.717	130.000
9419.717	151.000
9427.717	161.000
9435.717	157.000
9443.718	161.000
9451.718	173.000
9459.718	178.000
9467.718	157.000
9475.718	145.000
9483.718	170.000
9491.719	165.000
9499.719	178.000
9507.719	149.000
9515.719	189.000
9523.719	184.000
9531.719	186.000
9539.720	179.000
9547.720	176.000
9555.720	190.000
9563.720	180.000
9571.720	194.000
9579.720	177.000
9587.721	153.000
9595.721	181.000
9603.721	208.000
9611.721	146.000
9619.721	162.000
9627.721	182.000
9635.722	186.000
9643.722	177.000
9651.722	184.000
9659.722	189.000
9667.722	160.000
9675.722	153.000
9683.723	173.000
9691.723	170.000
9699.723	154.000
9707.723	163.000
9715.723	166.000
9723.723	125.000
9731.724	167.000
9739.724	152.000
9747.724	140.000
9755.724	111.000
9763.724	142.000
9771.724	160.000
9779.725	144.000
9787.725	142.000
9795.725	129.000
9803.725	128.000
9811.725	111.000
9819.725	104.000
9827.726	132.000
9835.726	118.000
9843.726	138.000
9851.726	111.000
9859.726	107.000
9867.726	109.000
9875.727	103.000
9883.727	82.000
9891.727	115.000
9899.727	97.000
9907.727	116.000
9915.727	112.000
9923.728	105.000
9931.728	95.000
9939.728	100.000
9947.728	100.000
9955.728	85.000
9963.728	97.000
9971.729	103.000
9979.729	100.000
9987.729	119.000
9995.729	93.000
10003.729	100.000
10011.729	139.000
10019.730	122.000
10027.730	96.000
10035.730	92.000
10043.730	123.000
10051.730	130.000
10059.730	113.000
10067.731	117.000
10075.731	108.000
10083.731	119.000
10091.731	118.000
10099.731	113.000
10107.731	136.000
10115.732	126.000
10123.732	124.000
10131.732	114.000
10139.732	134.000
10147.732	133.000
10155.732	119.000
10163.733	124.000
10171.733	142.000
10179.733	142.000
10187.733	155.000
10195.733	145.000
10203.733	141.000
10211.734	160.000
10219.734	152.000
10227.734	123.000
10235.734	144.000
10243.734	140.000
10251.734	140.000
10259.735	130.000
10267.735	135.000
10275.735	139.000
10283.735	136.000
10291.735	124.000
10299.735	149.000
10307.736	134.000
10315.736	125.000
10323.736	139.000
10331.736	140.000
10339.736	129.000
10347.736	142.000
10355.737	117.000
10363.737	129.000
10371.737	129.000
10379.737	128.000
10387.737	100.000
10395.737	144.000
10403.738	108.000
10411.738	105.000
10419.738	115.000
10427.738	112.000
10435.738	103.000
10443.738	106.000
10451.739	115.000
10459.739	88.000
10467.739	90.000
10475.739	102.000
10483.739	94.000
10491.739	90.000
10499.740	95.000
10507.740	82.000
10515.740	103.000
10523.740	82.000
10531.740	91.000
10539.740	95.000
10547.741	94.000
10555.741	76.000
10563.741	63.000
10571.741	81.000
10579.741	80.000
10587.741	96.000
10595.742	68.000
10603.742	87.000
10611.742	84.000
10619.742	89.000
10627.742	86.000
10635.742	96.000
10643.743	86.000
10651.743	93.000
10659.743	82.000
10667.743	63.000
10675.743	69.000
10683.743	73.000
10691.744	90.000
10699.744	83.000
10707.744	85.000
10715.744	86.000
10723.744	98.000
10731.744	92.000
10739.745	91.000
10747.745	85.000
10755.745	121.000
10763.745	98.000
10771.745	99.000
10779.745	100.000
10787.746	105.000
10795.746	104.000
10803.746	106.000
10811.746	116.000
10819.746	109.000
10827.746	100.000
10835.747	113.000
10843.747	112.000
10851.747	91.000
10859.747	103.000
10867.747	115.000
10875.747	105.000
10883.748	118.000
10891.748	99.000
10899.748	93.000
10907.748	98.000
10915.748	94.000
10923.748	92.000
10931.749	113.000
10939.749	114.000
10947.749	105.000
10955.749	95.000
10963.749	94.000
10971.749	101.000
10979.750	87.000
10987.750	95.000
10995.750	108.000
11003.750	81.000
11011.750	93.000
11019.750	100.000
11027.751	77.000
11035.751	96.000
11043.751	81.000
11051.751	99.000
11059.751	93.000
11067.751	79.000
11075.752	72.000
11083.752	94.000
11091.752	82.000
11099.752	88.000
11107.752	80.000
11115.752	96.000
11123.753	89.000
11131.753	90.000
11139.753	86.000
11147.753	75.000
11155.753	76.000
11163.753	69.000
11171.754	75.000
11179.754	70.000
11187.754	63.000
11195.754	57.000
11203.754	79.000
11211.754	76.000
11219.755	78.000
11227.755	62.000
11235.755	63.000
11243.755	57.000
11251.755	71.000
11259.755	47.000
11267.756	51.000
11275.756	67.000
11283.756	72.000
11291.756	66.000
11299.756	69.000
11307.756	63.000
11315.757	66.000
11323.757	76.000
11331.757	68.000
11339.757	67.000
11347.757	68.000
11355.757	52.000
11363.758	55.000
11371.758	68.000
11379.758	52.000
11387.758	60.000
11395.758	83.000
11403.758	71.000
11411.759	77.000
11419.759	77.000
11427.759	68.000
11435.759	65.000
11443.759	78.000
11451.759	74.000
11459.760	70.000
11467.760	70.000
11475.760	68.000
11483.760	64.000
11491.760	74.000
11499.760	69.000
11507.761	82.000
11515.761	85.000
11523.761	69.000
11531.761	91.000
11539.761	80.000
11547.761	97.000
11555.762	88.000
11563.762	109.000
11571.762	91.000
11579.762	94.000
11587.762	83.000
11595.762	90.000
11603.763	84.000
11611.763	79.000
11619.763	87.000
11627.763	75.000
11635.763	75.000
11643.763	63.000
11651.764	88.000
11659.764	68.000
11667.764	76.000
11675.764	54.000
11683.764	75.000
11691.764	60.000
11699.765	59.000
11707.765	66.000
11715.765	77.000
11723.765	65.000
11731.765	75.000
11739.765	75.000
11747.766	73.000
11755.766	66.000
11763.766	68.000
11771.766	76.000
11779.766	63.000
11787.766	54.000
11795.767	62.000
11803.767	67.000
11811.767	56.000
11819.767	45.000
11827.767	52.000
11835.767	50.000
11843.768	54.000
11851.768	55.000
11859.768	43.000
11867.768	43.000
11875.768	45.000
11883.768	55.000
11891.769	49.000
11899.769	47.000
11907.769	58.000
11915.769	57.000
11923.769	50.000
11931.769	50.000
11939.770	46.000
11947.770	46.000
11955.770	54.000
11963.770	52.000
11971.770	62.000
11979.770	46.000
11987.771	49.000
11995.771	45.000
12003.771	58.000
12011.771	55.000
12019.771	53.000
12027.771	66.000
12035.772	49.000
12043.772	54.000
12051.772	62.000
12059.772	54.000
12067.772	51.000
12075.772	52.000
12083.773	56.000
12091.773	59.000
12099.773	62.000
12107.773	54.000
12115.773	54.000
12123.773	60.000
12131.774	71.000
12139.774	72.000
12147.774	70.000
12155.774	56.000
12163.774	68.000
12171.774	65.000
12179.775	70.000
12187.775	46.000
12195.775	54.000
12203.775	53.000
12211.775	61.000
12219.775	62.000
12227.776	61.000
12235.776	52.000
12243.776	75.000
12251.776	57.000
12259.776	65.000
12267.776	44.000
12275.777	61.000
12283.777	47.000
12291.777	57.000
12299.777	50.000
12307.777	66.000
12315.777	57.000
12323.778	47.000
12331.778	51.000
12339.778	51.000
12347.778	50.000
12355.778	57.000
12363.778	53.000
12371.779	49.000
12379.779	61.000
12387.779	45.000
12395.779	60.000
12403.779	44.000
12411.779	46.000
12419.780	41.000
12427.780	40.000
12435.780	47.000
12443.780	51.000
12451.780	38.000
12459.780	39.000
12467.781	37.000
12475.781	38.000
12483.781	37.000
12491.781	63.000
12499.781	38.000
12507.781	36.000
12515.782	37.000
12523.782	36.000
12531.782	42.000
12539.782	32.000
12547.782	41.000
12555.782	40.000
12563.783	40.000
12571.783	40.000
12579.783	32.000
12587.783	32.000
12595.783	43.000
12603.783	35.000
12611.784	33.000
12619.784	37.000
12627.784	37.000
12635.784	38.000
12643.784	35.000
12651.784	45.000
12659.785	38.000
12667.785	39.000
12675.785	44.000
12683.785	46.000
12691.785	47.000
12699.785	33.000
12707.786	32.000
12715.786	37.000
12723.786	42.000
12731.786	42.000
12739.786	49.000
12747.786	43.000
12755.787	49.000
12763.787	40.000
12771.787	55.000
12779.787	37.000
12787.787	50.000
12795.787	50.000
12803.788	28.000
12811.788	53.000
12819.788	36.000
12827.788	41.000
12835.788	53.000
12843.788	42.000
12851.789	50.000
12859.789	48.000
12867.789	50.000
12875.789	46.000
12883.789	63.000
12891.789	53.000
12899.790	47.000
12907.790	53.000
12915.790	45.000
12923.790	31.000
12931.790	41.000
12939.790	43.000
12947.791	39.000
12955.791	35.000
12963.791	32.000
12971.791	31.000
12979.791	47.000
12987.791	39.000
12995.792	35.000
13003.792	37.000
13011.792	42.000
13019.792	40.000
13027.792	37.000
13035.792	42.000
13043.793	35.000
13051.793	37.000
13059.793	30.000
13067.793	26.000
13075.793	31.000
13083.793	42.000
13091.794	29.000
13099.794	33.000
13107.794	34.000
13115.794	31.000
13123.794	38.000
13131.794	32.000
13139.795	25.000
13147.795	23.000
13155.795	30.000
13163.795	22.000
13171.795	27.000
13179.795	22.000
13187.796	23.000
13195.796	27.000
13203.796	28.000
13211.796	21.000
13219.796	21.000
13227.796	29.000
13235.797	29.000
13243.797	26.000
13251.797	23.000
13259.797	28.000
13267.797	21.000
13275.797	29.000
13283.798	25.000
13291.798	22.000
13299.798	31.000
13307.798	20.000
13315.798	17.000
13323.798	38.000
13331.799	28.000
13339.799	28.000
13347.799	20.000
13355.799	22.000
13363.799	30.000
13371.799	30.000
13379.800	17.000
13387.800	37.000
13395.800	24.000
13403.800	28.000
13411.800	28.000
13419.800	19.000
13427.801	33.000
13435.801	33.000
13443.801	32.000
13451.801	36.000
13459.801	27.000
13467.801	35.000
13475.802	24.000
13483.802	34.000
13491.802	22.000
13499.802	43.000
13507.802	30.000
13515.802	38.000
13523.803	36.000
13531.803	28.000
13539.803	44.000
13547.803	34.000
13555.803	40.000
13563.803	19.000
13571.804	25.000
13579.804	33.000
13587.804	27.000
13595.804	31.000
13603.804	16.000
13611.804	36.000
13619.805	24.000
13627.805	26.000
13635.805	22.000
13643.805	30.000
13651.805	32.000
13659.805	42.000
13667.806	31.000
13675.806	27.000
13683.806	36.000
13691.806	18.000
13699.806	30.000
13707.806	18.000
13715.807	18.000
13723.807	25.000
13731.807	17.000
13739.807	30.000
13747.807	18.000
13755.807	19.000
13763.808	24.000
13771.808	17.000
13779.808	17.000
13787.808	20.000
13795.808	27.000
13803.808	24.000
13811.809	17.000
13819.809	18.000
13827.809	29.000
13835.809	16.000
13843.809	31.000
13851.809	13.000
13859.810	18.000
13867.810	10.000
13875.810	20.000
13883.810	12.000
13891.810	17.000
13899.810	22.000
13907.811	18.000
13915.811	26.000
13923.811	18.000
13931.811	19.000
13939.811	18.000
13947.811	21.000
13955.812	19.000
13963.812	18.000
13971.812	19.000
13979.812	16.000
13987.812	21.000
13995.812	20.000
14003.813	12.000
14011.813	17.000
14019.813	17.000
14027.813	19.000
14035.813	20.000
14043.813	25.000
14051.814	27.000
14059.814	12.000
14067.814	19.000
14075.814	18.000
14083.814	27.000
14091.814	16.000
14099.815	23.000
14107.815	27.000
14115.815	23.000
14123.815	20.000
14131.815	26.000
14139.815	20.000
14147.816	21.000
14155.816	17.000
14163.816	24.000
14171.816	22.000
14179.816	24.000
14187.816	29.000
14195.817	12.000
14203.817	21.000
14211.817	21.000
14219.817	25.000
14227.817	27.000
14235.817	14.000
14243.818	20.000
14251.818	26.000
14259.818	21.000
14267.818	16.000
14275.818	28.000
14283.818	14.000
14291.819	17.000
14299.819	17.000
14307.819	13.000
14315.819	20.000
14323.819	15.000
14331.819	23.000
14339.820	30.000
14347.820	15.000
14355.820	30.000
14363.820	10.000
14371.820	15.000
14379.820	11.000
14387.821	16.000
14395.821	25.000
14403.821	22.000
14411.821	15.000
14419.821	9.000
14427.821	12.000
14435.822	14.000
14443.822	8.000
14451.822	21.000
14459.822	13.000
14467.822	13.000
14475.822	18.000
14483.823	9.000
14491.823	7.000
14499.823	12.000
14507.823	18.000
14515.823	22.000
14523.823	13.000
14531.824	10.000
14539.824	16.000
14547.824	7.000
14555.824	13.000
14563.824	10.000
14571.824	13.000
14579.825	12.000
14587.825	11.000
14595.825	10.000
14603.825	8.000
14611.825	15.000
14619.825	13.000
14627.826	20.000
14635.826	15.000
14643.826	10.000
14651.826	19.000
14659.826	13.000
14667.826	9.000
14675.827	17.000
14683.827	15.000
14691.827	13.000
14699.827	20.000
14707.827	7.000
14715.827	9.000
14723.828	15.000
14731.828	18.000
14739.828	14.000
14747.828	13.000
14755.828	15.000
14763.828	8.000
14771.829	14.000
14779.829	16.000
14787.829	10.000
14795.829	17.000
14803.829	17.000
14811.829	12.000
14819.830	18.000
14827.830	13.000
14835.830	22.000
14843.830	11.000
14851.830	11.000
14859.830	17.000
14867.831	17.000
14875.831	10.000
14883.831	10.000
14891.831	6.000
14899.831	10.000
14907.831	7.000
14915.832	14.000
14923.832	15.000
14931.832	12.000
14939.832	12.000
14947.832	11.000
14955.832	7.000
14963.833	8.000
14971.833	13.000
14979.833	9.000
14987.833	12.000
14995.833	12.000
15003.833	12.000
15011.834	13.000
15019.834	10.000
15027.834	7.000
15035.834	7.000
15043.834	11.000
15051.834	15.000
15059.835	6.000
15067.835	13.000
15075.835	12.000
15083.835	13.000
15091.835	7.000
15099.835	15.000
15107.836	8.000
15115.836	10.000
15123.836	11.000
15131.836	8.000
15139.836	11.000
15147.836	11.000
15155.837	9.000
15163.837	4.000
15171.837	14.000
15179.837	7.000
15187.837	11.000
15195.837	16.000
15203.838	7.000
15211.838	11.000
15219.838	11.000
15227.838	11.000
15235.838	7.000
15243.838	6.000
15251.839	7.000
15259.839	6.000
15267.839	3.000
15275.839	13.000
15283.839	7.000
15291.839	9.000
15299.840	6.000
15307.840	8.000
15315.840	5.000
15323.840	8.000
15331.840	7.000
15339.840	9.000
15347.841	7.000
15355.841	7.000
15363.841	14.000
15371.841	8.000
15379.841	8.000
15387.841	12.000
15395.842	8.000
15403.842	6.000
15411.842	7.000
15419.842	5.000
15427.842	15.000
15435.842	10.000
15443.843	10.000
15451.843	6.000
15459.843	13.000
15467.843	10.000
15475.843	10.000
15483.843	14.000
15491.844	10.000
15499.844	6.000
15507.844	10.000
15515.844	10.000
15523.844	12.000
15531.844	8.000
15539.845	6.000
15547.845	13.000
15555.845	2.000
15563.845	12.000
15571.845	8.000
15579.845	6.000
15587.846	11.000
15595.846	8.000
15603.846	8.000
15611.846	7.000
15619.846	9.000
15627.846	5.000
15635.847	4.000
15643.847	4.000
15651.847	6.000
15659.847	9.000
15667.847	7.000
15675.847	4.000
15683.848	5.000
15691.848	5.000
15699.848	6.000
15707.848	8.000
15715.848	10.000
15723.848	9.000
15731.849	2.000
15739.849	9.000
15747.849	4.000
15755.849	8.000
15763.849	10.000
15771.849	6.000
15779.850	5.000
15787.850	5.000
15795.850	7.000
15803.850	6.000
15811.850	6.000
15819.850	8.000
15827.851	7.000
15835.851	5.000
15843.851	6.000
15851.851	7.000
15859.851	7.000
15867.851	4.000
15875.852	5.000
15883.852	5.000
15891.852	7.000
15899.852	5.000
15907.852	2.000
15915.852	3.000
15923.853	2.000
15931.853	5.000
15939.853	6.000
15947.853	6.000
15955.853	8.000
15963.853	6.000
15971.854	5.000
15979.854	5.000
15987.854	4.000
15995.854	4.000
16003.854	11.000
16011.854	4.000
16019.855	1.000
16027.855	5.000
16035.855	5.000
16043.855	8.000
16051.855	3.000
16059.855	7.000
16067.856	1.000
16075.856	7.000
16083.856	4.000
16091.856	7.000
16099.856	2.000
16107.856	4.000
16115.857	4.000
16123.857	12.000
16131.857	2.000
16139.857	4.000
16147.857	8.000
16155.857	5.000
16163.858	4.000
16171.858	6.000
16179.858	5.000
16187.858	5.000
16195.858	4.000
16203.858	8.000
16211.859	7.000
16219.859	3.000
16227.859	5.000
16235.859	2.000
16243.859	7.000
16251.859	4.000
16259.860	3.000
16267.860	4.000
16275.860	4.000
16283.860	3.000
16291.860	2.000
16299.860	3.000
16307.861	6.000
16315.861	3.000
16323.861	6.000
16331.861	3.000
16339.861	4.000
16347.861	6.000
16355.862	4.000
16363.862	3.000
16371.862	4.000
16379.862	2.000
16387.862	5.000
16395.862	8.000
16403.863	1.000
16411.863	3.000
16419.863	6.000
16427.863	6.000
16435.863	2.000
16443.863	5.000
16451.864	2.000
16459.864	7.000
16467.864	5.000
16475.864	2.000
16483.864	5.000
16491.864	5.000
16499.865	3.000
16507.865	3.000
16515.865	3.000
16523.865	6.000
16531.865	2.000
16539.865	1.000
16547.866	5.000
16555.866	4.000
16563.866	1.000
16571.866	2.000
16579.866	3.000
16587.866	0.000
16595.867	1.000
16603.867	1.000
16611.867	5.000
16619.867	5.000
16627.867	2.000
16635.867	2.000
16643.868	3.000
16651.868	4.000
16659.868	2.000
16667.868	1.000
16675.868	4.000
16683.868	5.000
16691.869	2.000
16699.869	3.000
16707.869	3.000
16715.869	7.000
16723.869	4.000
16731.869	1.000
16739.870	6.000
16747.870	2.000
16755.870	1.000
16763.870	4.000
16771.870	1.000
16779.870	2.000
16787.871	2.000
16795.871	2.000
16803.871	7.000
16811.871	3.000
16819.871	4.000
16827.871	1.000
16835.872	3.000
16843.872	4.000
16851.872	5.000
16859.872	2.000
16867.872	7.000
16875.872	0.000
16883.873	3.000
16891.873	4.000
16899.873	3.000
16907.873	3.000
16915.873	2.000
16923.873	5.000
16931.874	7.000
16939.874	3.000
16947.874	4.000
16955.874	3.000
16963.874	3.000
16971.874	2.000
16979.875	4.000
16987.875	2.000
16995.875	3.000
17003.875	2.000
17011.875	4.000
17019.875	1.000
17027.876	5.000
17035.876	1.000
17043.876	4.000
17051.876	2.000
17059.876	4.000
17067.876	1.000
17075.877	3.000
17083.877	4.000
17091.877	2.000
17099.877	3.000
17107.877	1.000
17115.877	2.000
17123.878	1.000
17131.878	4.000
17139.878	2.000
17147.878	3.000
17155.878	3.000
17163.878	2.000
17171.879	2.000
17179.879	0.000
17187.879	3.000
17195.879	3.000
17203.879	1.000
17211.879	5.000
17219.880	1.000
17227.880	3.000
17235.880	0.000
17243.880	0.000
17251.880	2.000
17259.880	2.000
17267.881	1.000
17275.881	2.000
17283.881	0.000
17291.881	3.000
17299.881	0.000
17307.881	4.000
17315.882	5.000
17323.882	3.000
17331.882	2.000
17339.882	0.000
17347.882	3.000
17355.882	0.000
17363.883	1.000
17371.883	3.000
17379.883	3.000
17387.883	3.000
17395.883	3.000
17403.883	2.000
17411.884	3.000
17419.884	2.000
17427.884	1.000
17435.884	2.000
17443.884	3.000
17451.884	0.000
17459.885	3.000
17467.885	3.000
17475.885	3.000
17483.885	0.000
17491.885	2.000
17499.885	3.000
17507.886	4.000
17515.886	2.000
17523.886	0.000
17531.886	2.000
17539.886	1.000
17547.886	1.000
17555.887	2.000
17563.887	1.000
17571.887	2.000
17579.887	3.000
17587.887	4.000
17595.887	1.000
17603.888	2.000
17611.888	2.000
17619.888	1.000
17627.888	2.000
17635.888	3.000
17643.888	3.000
17651.889	0.000
17659.889	2.000
17667.889	1.000
17675.889	3.000
17683.889	0.000
17691.889	2.000
17699.890	2.000
17707.890	1.000
17715.890	1.000
17723.890	3.000
17731.890	1.000
17739.890	3.000
17747.891	2.000
17755.891	0.000
17763.891	1.000
17771.891	0.000
17779.891	1.000
17787.891	2.000
17795.892	1.000
17803.892	2.000
17811.892	2.000
17819.892	1.000
17827.892	0.000
17835.892	1.000
17843.893	1.000
17851.893	0.000
17859.893	3.000
17867.893	3.000
17875.893	1.000
17883.893	2.000
17891.894	2.000
17899.894	0.000
17907.894	1.000
17915.894	0.000
17923.894	0.000
17931.894	1.000
17939.895	0.000
17947.895	1.000
17955.895	1.000
17963.895	2.000
17971.895	3.000
17979.895	2.000
17987.896	1.000
17995.896	2.000
18003.896	0.000
18011.896	1.000
18019.896	0.000
18027.896	1.000
18035.897	0.000
18043.897	2.000
18051.897	0.000
18059.897	0.000
18067.897	0.000
18075.897	0.000
18083.898	2.000
18091.898	1.000
18099.898	1.000
18107.898	1.000
18115.898	3.000
18123.898	0.000
18131.899	2.000
18139.899	2.000
18147.899	2.000
18155.899	0.000
18163.899	1.000
18171.899	1.000
18179.900	4.000
18187.900	3.000
18195.900	1.000
18203.900	0.000
18211.900	1.000
18219.900	2.000
18227.901	2.000
18235.901	1.000
18243.901	0.000
18251.901	1.000
18259.901	2.000
18267.901	3.000
18275.902	0.000
18283.902	2.000
18291.902	2.000
18299.902	0.000
18307.902	2.000
18315.902	1.000
18323.903	1.000
18331.903	0.000
18339.903	3.000
18347.903	0.000
18355.903	2.000
18363.903	1.000
18371.904	1.000
18379.904	0.000
18387.904	1.000
18395.904	0.000
18403.904	1.000
18411.904	1.000
18419.905	2.000
18427.905	1.000
18435.905	1.000
18443.905	0.000
18451.905	1.000
18459.905	1.000
18467.906	0.000
18475.906	0.000
18483.906	1.000
18491.906	0.000
18499.906	1.000
18507.906	0.000
18515.907	1.000
18523.907	2.000
18531.907	0.000
18539.907	3.000
18547.907	1.000
18555.907	1.000
18563.908	0.000
18571.908	4.000
18579.908	0.000
18587.908	0.000
18595.908	0.000
18603.908	3.000
18611.909	1.000
18619.909	1.000
18627.909	0.000
18635.909	0.000
18643.909	1.000
18651.909	0.000
18659.910	0.000
18667.910	0.000
18675.910	1.000
18683.910	0.000
18691.910	0.000
18699.910	0.000
18707.911	0.000
18715.911	0.000
18723.911	2.000
18731.911	1.000
18739.911	0.000
18747.911	1.000
18755.912	0.000
18763.912	3.000
18771.912	1.000
18779.912	1.000
18787.912	0.000
18795.912	0.000
18803.913	1.000
18811.913	0.000
18819.913	0.000
18827.913	1.000
18835.913	0.000
18843.913	1.000
18851.914	0.000
18859.914	0.000
18867.914	0.000
18875.914	0.000
18883.914	0.000
18891.914	0.000
18899.915	0.000
18907.915	0.000
18915.915	0.000
18923.915	1.000
18931.915	0.000
18939.915	1.000
18947.916	2.000
18955.916	4.000
18963.916	2.000
18971.916	3.000
18979.916	0.000
18987.916	0.000
18995.917	1.000
19003.917	0.000
19011.917	0.000
19019.917	1.000
19027.917	0.000
19035.917	0.000
19043.918	0.000
19051.918	0.000
19059.918	1.000
19067.918	0.000
19075.918	0.000
19083.918	1.000
19091.919	1.000
19099.919	1.000
19107.919	1.000
19115.919	0.000
19123.919	1.000
19131.919	1.000
19139.920	1.000
19147.920	2.000
19155.920	0.000
19163.920	0.000
19171.920	0.000
19179.920	1.000
19187.921	0.000
19195.921	0.000
19203.921	1.000
19211.921	1.000
19219.921	0.000
19227.921	0.000
19235.922	0.000
19243.922	1.000
19251.922	0.000
19259.922	0.000
19267.922	0.000
19275.922	0.000
19283.923	0.000
19291.923	0.000
19299.923	0.000
19307.923	0.000
19315.923	1.000
19323.923	0.000
19331.924	0.000
19339.924	0.000
19347.924	0.000
19355.924	0.000
19363.924	0.000
19371.924	1.000
19379.925	1.000
19387.925	1.000
19395.925	1.000
19403.925	2.000
19411.925	1.000
19419.925	0.000
19427.926	0.000
19435.926	0.000
19443.926	0.000
19451.926	1.000
19459.926	1.000
19467.926	0.000
19475.927	0.000
19483.927	0.000
19491.927	0.000
19499.927	0.000
19507.927	0.000
19515.927	0.000
19523.928	0.000
19531.928	0.000
19539.928	1.000
19547.928	1.000
19555.928	0.000
19563.928	0.000
19571.929	0.000
19579.929	0.000
19587.929	0.000
19595.929	0.000
19603.929	1.000
19611.929	0.000
19619.930	0.000
19627.930	0.000
19635.930	1.000
19643.930	0.000
19651.930	1.000
19659.930	0.000
19667.931	0.000
19675.931	0.000
19683.931	1.000
19691.931	1.000
19699.931	1.000
19707.931	1.000
19715.932	0.000
19723.932	0.000
19731.932	0.000
19739.932	0.000
19747.932	0.000
19755.932	0.000
19763.933	0.000
19771.933	0.000
19779.933	0.000
19787.933	0.000
19795.933	1.000
19803.933	0.000
19811.934	0.000
19819.934	0.000
19827.934	0.000
19835.934	1.000
19843.934	0.000
19851.934	0.000
19859.935	0.000
19867.935	0.000
19875.935	0.000
19883.935	0.000
19891.935	0.000
19899.935	0.000
19907.936	0.000
19915.936	0.000
19923.936	0.000
19931.936	0.000
19939.936	0.000
19947.936	0.000
19955.937	1.000
19963.937	0.000
19971.937	0.000
19979.937	0.000
19987.937	1.000
19995.937	1.000
20003.938	0.000
20011.938	0.000
20019.938	0.000
20027.938	1.000
20035.938	0.000
20043.938	0.000
20051.939	2.000
20059.939	0.000
20067.939	0.000
20075.939	0.000
20083.939	0.000
20091.939	0.000
20099.940	0.000
20107.940	0.000
20115.940	1.000
20123.940	0.000
20131.940	0.000
20139.940	0.000
20147.941	0.000
20155.941	0.000
20163.941	0.000
20171.941	1.000
20179.941	0.000
20187.941	1.000
20195.942	0.000
20203.942	0.000
20211.942	0.000
20219.942	0.000
20227.942	0.000
20235.942	0.000
20243.943	1.000
20251.943	0.000
20259.943	0.000
20267.943	0.000
20275.943	0.000
20283.943	0.000
20291.944	0.000
20299.944	0.000
20307.944	0.000
20315.944	0.000
20323.944	1.000
20331.944	0.000
20339.945	0.000
20347.945	0.000
20355.945	0.000
20363.945	0.000
20371.945	0.000
20379.945	0.000
20387.946	0.000
20395.946	0.000
20403.946	0.000
20411.946	1.000
20419.946	0.000
20427.946	0.000
20435.947	0.000
20443.947	0.000
20451.947	0.000
20459.947	0.000
20467.947	0.000
20475.947	0.000
20483.948	0.000
20491.948	0.000
20499.948	0.000
20507.948	0.000
20515.948	0.000
20523.948	0.000
20531.949	0.000
20539.949	1.000
20547.949	0.000
20555.949	0.000
20563.949	0.000
20571.949	0.000
20579.950	0.000
20587.950	1.000
20595.950	0.000
20603.950	0.000
20611.950	0.000
20619.950	0.000
20627.951	0.000
20635.951	0.000
20643.951	0.000
20651.951	0.000
20659.951	0.000
20667.951	0.000
20675.952	0.000
20683.952	0.000
20691.952	0.000
20699.952	0.000
20707.952	0.000
20715.952	0.000
20723.953	0.000
20731.953	0.000
20739.953	0.000
20747.953	0.000
20755.953	0.000
20763.953	0.000
20771.954	0.000
20779.954	0.000
20787.954	0.000
20795.954	0.000
20803.954	0.000
20811.954	0.000
20819.955	0.000
20827.955	1.000
20835.955	0.000
20843.955	0.000
20851.955	1.000
20859.955	0.000
20867.956	0.000
20875.956	1.000
20883.956	0.000
20891.956	0.000
20899.956	0.000
20907.956	0.000
20915.957	0.000
20923.957	0.000
20931.957	1.000
20939.957	0.000
20947.957	0.000
20955.957	0.000
20963.958	0.000
20971.958	0.000
20979.958	0.000
20987.958	0.000
20995.958	1.000
21003.958	0.000
21011.959	0.000
21019.959	0.000
21027.959	0.000
21035.959	0.000
21043.959	0.000
21051.959	0.000
21059.960	0.000
21067.960	0.000
21075.960	0.000
21083.960	0.000
21091.960	0.000
21099.960	0.000
21107.961	0.000
21115.961	0.000
21123.961	0.000
21131.961	0.000
21139.961	0.000
21147.961	0.000
21155.962	0.000
21163.962	0.000
21171.962	0.000
21179.962	0.000
21187.962	0.000
21195.962	0.000
21203.963	0.000
21211.963	0.000
21219.963	0.000
21227.963	1.000
21235.963	0.000
21243.963	0.000
21251.964	0.000
21259.964	0.000
21267.964	0.000
21275.964	0.000
21283.964	0.000
21291.964	0.000
21299.965	0.000
21307.965	0.000
21315.965	0.000
21323.965	0.000
21331.965	0.000
21339.965	0.000
21347.966	0.000
21355.966	0.000
21363.966	0.000
21371.966	0.000
21379.966	0.000
21387.966	0.000
21395.967	0.000
21403.967	0.000
21411.967	0.000
21419.967	0.000
21427.967	1.000
21435.967	0.000
21443.968	0.000
21451.968	0.000
21459.968	0.000
21467.968	0.000
21475.968	0.000
21483.968	0.000
21491.969	0.000
21499.969	0.000
21507.969	0.000
21515.969	0.000
21523.969	0.000
21531.969	0.000
21539.970	0.000
21547.970	0.000
21555.970	0.000
21563.970	0.000
21571.970	0.000
21579.970	0.000
21587.971	0.000
21595.971	0.000
21603.971	0.000
21611.971	0.000
21619.971	0.000
21627.971	0.000
21635.972	0.000
21643.972	0.000
21651.972	0.000
21659.972	0.000
21667.972	0.000
21675.972	0.000
21683.973	0.000
21691.973	0.000
21699.973	0.000
21707.973	0.000
21715.973	0.000
21723.973	0.000
21731.974	0.000
21739.974	0.000
21747.974	0.000
21755.974	0.000
21763.974	0.000
21771.974	0.000
21779.975	0.000
21787.975	0.000
21795.975	0.000
21803.975	0.000
21811.975	0.000
21819.975	0.000
21827.976	0.000
21835.976	0.000
21843.976	0.000
21851.976	0.000
21859.976	0.000
21867.976	0.000
21875.977	0.000
21883.977	0.000
21891.977	0.000
21899.977	0.000
21907.977	0.000
21915.977	0.000
21923.978	0.000
21931.978	0.000
21939.978	0.000
21947.978	0.000
21955.978	0.000
21963.978	0.000
21971.979	0.000
21979.979	0.000
21987.979	0.000
21995.979	0.000
22003.979	0.000
22011.979	0.000
22019.980	0.000
22027.980	0.000
22035.980	0.000
22043.980	0.000
22051.980	0.000
22059.980	0.000
22067.981	0.000
22075.981	0.000
22083.981	0.000
22091.981	0.000
22099.981	0.000
22107.981	0.000
22115.982	0.000
22123.982	0.000
22131.982	0.000
22139.982	0.000
22147.982	0.000
22155.982	0.000
22163.983	0.000
22171.983	0.000
22179.983	0.000
22187.983	0.000
22195.983	0.000
22203.983	0.000
22211.984	0.000
22219.984	0.000
22227.984	0.000
22235.984	0.000
22243.984	0.000
22251.984	0.000
22259.985	0.000
22267.985	0.000
22275.985	1.000
22283.985	0.000
22291.985	0.000
22299.985	0.000
22307.986	0.000
22315.986	0.000
22323.986	0.000
22331.986	0.000
22339.986	0.000
22347.986	0.000
22355.987	0.000
22363.987	0.000
22371.987	0.000
22379.987	0.000
22387.987	0.000
22395.987	0.000
22403.988	0.000
22411.988	0.000
22419.988	0.000
22427.988	0.000
22435.988	0.000
22443.988	0.000
22451.989	0.000
22459.989	0.000
22467.989	0.000
22475.989	0.000
22483.989	0.000
22491.989	0.000
22499.990	0.000
22507.990	0.000
22515.990	0.000
22523.990	0.000
22531.990	0.000
22539.990	0.000
22547.991	0.000
22555.991	0.000
22563.991	0.000
22571.991	0.000
22579.991	0.000
22587.991	0.000
22595.992	0.000
22603.992	0.000
22611.992	0.000
22619.992	0.000
22627.992	0.000
22635.992	0.000
22643.993	0.000
22651.993	0.000
22659.993	0.000
22667.993	0.000
22675.993	0.000
22683.993	0.000
22691.994	0.000
22699.994	0.000
22707.994	0.000
22715.994	0.000
22723.994	0.000
22731.994	0.000
22739.995	0.000
22747.995	0.000
22755.995	0.000
22763.995	0.000
22771.995	0.000
22779.995	0.000
22787.996	0.000
22795.996	0.000
22803.996	0.000
22811.996	0.000
22819.996	0.000
22827.996	0.000
22835.997	0.000
22843.997	0.000
22851.997	0.000
22859.997	0.000
22867.997	0.000
22875.997	0.000
22883.998	0.000
22891.998	0.000
22899.998	0.000
22907.998	0.000
22915.998	0.000
22923.998	0.000
22931.999	0.000
22939.999	0.000
22947.999	0.000
22955.999	0.000
22963.999	0.000
22971.999	0.000
22980.000	0.000
22988.000	0.000
22996.000	0.000
