-996.500	0.000
-988.500	0.000
-980.500	2.000
-972.499	1.000
-964.499	0.000
-956.499	2.000
-948.499	2.000
-940.499	3.000
-932.499	2.000
-924.498	0.000
-916.498	3.000
-908.498	5.000
-900.498	4.000
-892.498	0.000
-884.498	1.000
-876.497	2.000
-868.497	4.000
-860.497	2.000
-852.497	3.000
-844.497	5.000
-836.497	8.000
-828.496	0.000
-820.496	3.000
-812.496	7.000
-804.496	3.000
-796.496	5.000
-788.496	6.000
-780.495	4.000
-772.495	9.000
-764.495	2.000
-756.495	13.000
-748.495	4.000
-740.495	9.000
-732.494	10.000
-724.494	12.000
-716.494	16.000
-708.494	17.000
-700.494	10.000
-692.494	6.000
-684.493	12.000
-676.493	12.000
-668.493	5.000
-660.493	15.000
-652.493	20.000
-644.493	19.000
-636.492	25.000
-628.492	27.000
-620.492	23.000
-612.492	26.000
-604.492	37.000
-596.492	36.000
-588.491	23.000
-580.491	25.000
-572.491	33.000
-564.491	32.000
-556.491	37.000
-548.491	38.000
-540.490	41.000
-532.490	42.000
-524.490	60.000
-516.490	74.000
-508.490	64.000
-500.490	78.000
-492.489	90.000
-484.489	64.000
-476.489	81.000
-468.489	87.000
-460.489	95.000
-452.489	98.000
-444.488	109.000
-436.488	151.000
-428.488	135.000
-420.488	117.000
-412.488	163.000
-404.488	147.000
-396.487	158.000
-388.487	188.000
-380.487	198.000
-372.487	183.000
-364.487	212.000
-356.487	234.000
-348.486	231.000
-340.486	263.000
-332.486	266.000
-324.486	301.000
-316.486	289.000
-308.486	316.000
-300.485	326.000
-292.485	351.000
-284.485	341.000
-276.485	347.000
-268.485	393.000
-260.485	388.000
-252.484	411.000
-244.484	436.000
-236.484	402.000
-228.484	437.000
-220.484	484.000
-212.484	499.000
-204.483	493.000
-196.483	470.000
-188.483	448.000
-180.483	529.000
-172.483	497.000
-164.483	531.000
-156.482	518.000
-148.482	524.000
-140.482	494.000
-132.482	531.000
-124.482	537.000
-116.482	501.000
-108.481	506.000
-100.481	539.000
-92.481	523.000
-84.481	509.000
-76.481	547.000
-68.481	522.000
-60.480	535.000
-52.480	533.000
-44.480	498.000
-36.480	508.000
-28.480	516.000
-20.480	496.000
-12.479	498.000
-4.479	466.000
3.521	421.000
11.521	428.000
19.521	431.000
27.521	405.000
35.522	368.000
43.522	402.000
51.522	396.000
59.522	359.000
67.522	372.000
75.522	345.000
83.523	360.000
91.523	363.000
99.523	324.000
107.523	349.000
115.523	309.000
123.523	305.000
131.524	298.000
139.524	312.000
147.524	288.000
155.524	286.000
163.524	292.000
171.524	262.000
179.525	251.000
187.525	277.000
195.525	278.000
203.525	268.000
211.525	267.000
219.525	247.000
227.526	305.000
235.526	274.000
243.526	272.000
251.526	282.000
259.526	268.000
267.526	264.000
275.527	275.000
283.527	290.000
291.527	280.000
299.527	271.000
307.527	281.000
315.527	282.000
323.528	273.000
331.528	298.000
339.528	323.000
347.528	317.000
355.528	261.000
363.528	325.000
371.529	311.000
379.529	284.000
387.529	340.000
395.529	337.000
403.529	350.000
411.529	373.000
419.530	345.000
427.530	346.000
435.530	376.000
443.530	350.000
451.530	397.000
459.530	433.000
467.531	358.000
475.531	417.000
483.531	405.000
491.531	447.000
499.531	451.000
507.531	421.000
515.532	433.000
523.532	469.000
531.532	480.000
539.532	522.000
547.532	500.000
555.532	564.000
563.533	612.000
571.533	592.000
579.533	617.000
587.533	646.000
595.533	625.000
603.533	647.000
611.534	668.000
619.534	696.000
627.534	684.000
635.534	724.000
643.534	739.000
651.534	725.000
659.535	740.000
667.535	724.000
675.535	746.000
683.535	802.000
691.535	810.000
699.535	800.000
707.536	849.000
715.536	828.000
723.536	845.000
731.536	870.000
739.536	861.000
747.536	871.000
755.537	912.000
763.537	870.000
771.537	827.000
779.537	902.000
787.537	855.000
795.537	839.000
803.538	844.000
811.538	863.000
819.538	931.000
827.538	884.000
835.538	851.000
843.538	832.000
851.539	825.000
859.539	818.000
867.539	805.000
875.539	783.000
883.539	757.000
891.539	791.000
899.540	818.000
907.540	752.000
915.540	737.000
923.540	755.000
931.540	695.000
939.540	703.000
947.541	652.000
955.541	642.000
963.541	661.000
971.541	635.000
979.541	665.000
987.541	617.000
995.542	649.000
1003.542	638.000
1011.542	627.000
1019.542	596.000
1027.542	570.000
1035.542	541.000
1043.543	541.000
1051.543	517.000
1059.543	487.000
1067.543	509.000
1075.543	529.000
1083.543	527.000
1091.544	471.000
1099.544	476.000
1107.544	497.000
1115.544	507.000
1123.544	477.000
1131.544	471.000
1139.545	478.000
1147.545	486.000
1155.545	439.000
1163.545	457.000
1171.545	437.000
1179.545	431.000
1187.546	482.000
1195.546	444.000
1203.546	441.000
1211.546	444.000
1219.546	488.000
1227.546	462.000
1235.547	484.000
1243.547	464.000
1251.547	454.000
1259.547	487.000
1267.547	539.000
1275.547	496.000
1283.548	479.000
1291.548	497.000
1299.548	466.000
1307.548	497.000
1315.548	513.000
1323.548	495.000
1331.549	529.000
1339.549	508.000
1347.549	547.000
1355.549	574.000
1363.549	603.000
1371.549	557.000
1379.550	600.000
1387.550	599.000
1395.550	556.000
1403.550	616.000
1411.550	597.000
1419.550	616.000
1427.551	611.000
1435.551	615.000
1443.551	652.000
1451.551	645.000
1459.551	613.000
1467.551	665.000
1475.552	634.000
1483.552	722.000
1491.552	733.000
1499.552	709.000
1507.552	720.000
1515.552	709.000
1523.553	741.000
1531.553	790.000
1539.553	783.000
1547.553	769.000
1555.553	807.000
1563.553	771.000
1571.554	788.000
1579.554	818.000
1587.554	815.000
1595.554	819.000
1603.554	797.000
1611.554	864.000
1619.555	852.000
1627.555	859.000
1635.555	877.000
1643.555	838.000
1651.555	842.000
1659.555	888.000
1667.556	846.000
1675.556	854.000
1683.556	874.000
1691.556	861.000
1699.556	873.000
1707.556	850.000
1715.557	891.000
1723.557	866.000
1731.557	812.000
1739.557	875.000
1747.557	816.000
1755.557	805.000
1763.558	841.000
1771.558	811.000
1779.558	861.000
1787.558	851.000
1795.558	791.000
1803.558	786.000
1811.559	773.000
1819.559	770.000
1827.559	715.000
1835.559	751.000
1843.559	707.000
1851.559	663.000
1859.560	698.000
1867.560	697.000
1875.560	629.000
1883.560	641.000
1891.560	615.000
1899.560	602.000
1907.561	602.000
1915.561	631.000
1923.561	618.000
1931.561	589.000
1939.561	572.000
1947.561	597.000
1955.562	586.000
1963.562	552.000
1971.562	573.000
1979.562	558.000
1987.562	475.000
1995.562	496.000
2003.563	556.000
2011.563	515.000
2019.563	468.000
2027.563	507.000
2035.563	514.000
2043.563	513.000
2051.564	462.000
2059.564	472.000
2067.564	476.000
2075.564	486.000
2083.564	496.000
2091.564	484.000
2099.565	497.000
2107.565	476.000
2115.565	474.000
2123.565	428.000
2131.565	468.000
2139.565	502.000
2147.566	518.000
2155.566	434.000
2163.566	480.000
2171.566	477.000
2179.566	452.000
2187.566	491.000
2195.567	467.000
2203.567	491.000
2211.567	516.000
2219.567	465.000
2227.567	485.000
2235.567	487.000
2243.568	519.000
2251.568	507.000
2259.568	509.000
2267.568	515.000
2275.568	514.000
2283.568	517.000
2291.569	504.000
2299.569	480.000
2307.569	533.000
2315.569	559.000
2323.569	530.000
2331.569	564.000
2339.570	538.000
2347.570	537.000
2355.570	522.000
2363.570	575.000
2371.570	581.000
2379.570	607.000
2387.571	575.000
2395.571	591.000
2403.571	597.000
2411.571	630.000
2419.571	588.000
2427.571	614.000
2435.572	597.000
2443.572	617.000
2451.572	614.000
2459.572	633.000
2467.572	622.000
2475.572	700.000
2483.573	702.000
2491.573	668.000
2499.573	698.000
2507.573	702.000
2515.573	645.000
2523.573	722.000
2531.574	743.000
2539.574	706.000
2547.574	729.000
2555.574	721.000
2563.574	738.000
2571.574	717.000
2579.575	705.000
2587.575	705.000
2595.575	662.000
2603.575	704.000
2611.575	719.000
2619.575	776.000
2627.576	710.000
2635.576	697.000
2643.576	701.000
2651.576	668.000
2659.576	724.000
2667.576	695.000
2675.577	700.000
2683.577	636.000
2691.577	691.000
2699.577	650.000
2707.577	636.000
2715.577	623.000
2723.578	622.000
2731.578	660.000
2739.578	609.000
2747.578	612.000
2755.578	601.000
2763.578	562.000
2771.579	555.000
2779.579	614.000
2787.579	549.000
2795.579	548.000
2803.579	546.000
2811.579	552.000
2819.580	514.000
2827.580	489.000
2835.580	536.000
2843.580	487.000
2851.580	499.000
2859.580	491.000
2867.581	509.000
2875.581	483.000
2883.581	477.000
2891.581	452.000
2899.581	438.000
2907.581	454.000
2915.582	445.000
2923.582	434.000
2931.582	427.000
2939.582	402.000
2947.582	432.000
2955.582	388.000
2963.583	400.000
2971.583	371.000
2979.583	414.000
2987.583	400.000
2995.583	370.000
3003.583	392.000
3011.584	377.000
3019.584	368.000
3027.584	420.000
3035.584	399.000
3043.584	353.000
3051.584	380.000
3059.585	392.000
3067.585	385.000
3075.585	394.000
3083.585	408.000
3091.585	388.000
3099.585	400.000
3107.586	404.000
3115.586	384.000
3123.586	386.000
3131.586	400.000
3139.586	425.000
3147.586	353.000
3155.587	367.000
3163.587	388.000
3171.587	398.000
3179.587	415.000
3187.587	384.000
3195.587	372.000
3203.588	442.000
3211.588	404.000
3219.588	436.000
3227.588	401.000
3235.588	470.000
3243.588	404.000
3251.589	468.000
3259.589	455.000
3267.589	465.000
3275.589	438.000
3283.589	473.000
3291.589	441.000
3299.590	442.000
3307.590	451.000
3315.590	497.000
3323.590	477.000
3331.590	498.000
3339.590	483.000
3347.591	458.000
3355.591	459.000
3363.591	495.000
3371.591	538.000
3379.591	530.000
3387.591	586.000
3395.592	577.000
3403.592	563.000
3411.592	510.000
3419.592	537.000
3427.592	555.000
3435.592	540.000
3443.593	554.000
3451.593	565.000
3459.593	521.000
3467.593	586.000
3475.593	549.000
3483.593	560.000
3491.594	573.000
3499.594	520.000
3507.594	559.000
3515.594	534.000
3523.594	609.000
3531.594	596.000
3539.595	606.000
3547.595	557.000
3555.595	580.000
3563.595	579.000
3571.595	564.000
3579.595	549.000
3587.596	543.000
3595.596	526.000
3603.596	560.000
3611.596	540.000
3619.596	562.000
3627.596	514.000
3635.597	561.000
3643.597	549.000
3651.597	508.000
3659.597	536.000
3667.597	468.000
3675.597	474.000
3683.598	523.000
3691.598	489.000
3699.598	489.000
3707.598	476.000
3715.598	466.000
3723.598	458.000
3731.599	446.000
3739.599	425.000
3747.599	459.000
3755.599	443.000
3763.599	378.000
3771.599	428.000
3779.600	409.000
3787.600	356.000
3795.600	373.000
3803.600	412.000
3811.600	401.000
3819.600	373.000
3827.601	382.000
3835.601	358.000
3843.601	318.000
3851.601	374.000
3859.601	344.000
3867.601	315.000
3875.602	334.000
3883.602	314.000
3891.602	320.000
3899.602	326.000
3907.602	309.000
3915.602	301.000
3923.603	302.000
3931.603	357.000
3939.603	286.000
3947.603	337.000
3955.603	313.000
3963.603	331.000
3971.604	322.000
3979.604	289.000
3987.604	309.000
3995.604	315.000
4003.604	313.000
4011.604	314.000
4019.605	305.000
4027.605	331.000
4035.605	341.000
4043.605	311.000
4051.605	316.000
4059.605	302.000
4067.606	326.000
4075.606	288.000
4083.606	328.000
4091.606	345.000
4099.606	312.000
4107.606	342.000
4115.607	353.000
4123.607	368.000
4131.607	321.000
4139.607	352.000
4147.607	361.000
4155.607	356.000
4163.608	357.000
4171.608	362.000
4179.608	355.000
4187.608	392.000
4195.608	362.000
4203.608	410.000
4211.609	394.000
4219.609	442.000
4227.609	383.000
4235.609	429.000
4243.609	422.000
4251.609	422.000
4259.610	382.000
4267.610	400.000
4275.610	397.000
4283.610	422.000
4291.610	426.000
4299.610	462.000
4307.611	480.000
4315.611	488.000
4323.611	475.000
4331.611	494.000
4339.611	457.000
4347.611	449.000
4355.612	493.000
4363.612	513.000
4371.612	481.000
4379.612	529.000
4387.612	486.000
4395.612	500.000
4403.613	576.000
4411.613	536.000
4419.613	534.000
4427.613	527.000
4435.613	515.000
4443.613	483.000
4451.614	555.000
4459.614	539.000
4467.614	544.000
4475.614	531.000
4483.614	546.000
4491.614	550.000
4499.615	552.000
4507.615	571.000
4515.615	562.000
4523.615	517.000
4531.615	554.000
4539.615	537.000
4547.616	546.000
4555.616	513.000
4563.616	534.000
4571.616	502.000
4579.616	493.000
4587.616	489.000
4595.617	471.000
4603.617	472.000
4611.617	457.000
4619.617	486.000
4627.617	471.000
4635.617	445.000
4643.618	480.000
4651.618	423.000
4659.618	417.000
4667.618	439.000
4675.618	399.000
4683.618	448.000
4691.619	377.000
4699.619	388.000
4707.619	401.000
4715.619	414.000
4723.619	379.000
4731.619	382.000
4739.620	341.000
4747.620	359.000
4755.620	339.000
4763.620	329.000
4771.620	333.000
4779.620	328.000
4787.621	345.000
4795.621	369.000
4803.621	326.000
4811.621	328.000
4819.621	317.000
4827.621	299.000
4835.622	314.000
4843.622	312.000
4851.622	314.000
4859.622	319.000
4867.622	317.000
4875.622	313.000
4883.623	295.000
4891.623	332.000
4899.623	328.000
4907.623	341.000
4915.623	333.000
4923.623	323.000
4931.624	342.000
4939.624	313.000
4947.624	312.000
4955.624	343.000
4963.624	306.000
4971.624	311.000
4979.625	329.000
4987.625	347.000
4995.625	332.000
5003.625	337.000
5011.625	345.000
5019.625	311.000
5027.626	365.000
5035.626	330.000
5043.626	370.000
5051.626	331.000
5059.626	332.000
5067.626	354.000
5075.627	385.000
5083.627	352.000
5091.627	361.000
5099.627	381.000
5107.627	370.000
5115.627	395.000
5123.628	411.000
5131.628	414.000
5139.628	395.000
5147.628	406.000
5155.628	428.000
5163.628	420.000
5171.629	444.000
5179.629	448.000
5187.629	448.000
5195.629	436.000
5203.629	455.000
5211.629	467.000
5219.630	431.000
5227.630	465.000
5235.630	483.000
5243.630	529.000
5251.630	515.000
5259.630	464.000
5267.631	542.000
5275.631	580.000
5283.631	564.000
5291.631	528.000
5299.631	564.000
5307.631	553.000
5315.632	506.000
5323.632	585.000
5331.632	581.000
5339.632	563.000
5347.632	558.000
5355.632	618.000
5363.633	577.000
5371.633	646.000
5379.633	610.000
5387.633	585.000
5395.633	651.000
5403.633	547.000
5411.634	600.000
5419.634	590.000
5427.634	638.000
5435.634	591.000
5443.634	657.000
5451.634	626.000
5459.635	605.000
5467.635	620.000
5475.635	583.000
5483.635	591.000
5491.635	579.000
5499.635	576.000
5507.636	569.000
5515.636	588.000
5523.636	573.000
5531.636	544.000
5539.636	545.000
5547.636	515.000
5555.637	536.000
5563.637	528.000
5571.637	531.000
5579.637	505.000
5587.637	485.000
5595.637	492.000
5603.638	513.000
5611.638	531.000
5619.638	501.000
5627.638	465.000
5635.638	462.000
5643.638	430.000
5651.639	440.000
5659.639	417.000
5667.639	402.000
5675.639	414.000
5683.639	415.000
5691.639	418.000
5699.640	391.000
5707.640	407.000
5715.640	410.000
5723.640	411.000
5731.640	355.000
5739.640	360.000
5747.641	387.000
5755.641	368.000
5763.641	385.000
5771.641	351.000
5779.641	345.000
5787.641	368.000
5795.642	337.000
5803.642	359.000
5811.642	352.000
5819.642	359.000
5827.642	364.000
5835.642	375.000
5843.643	372.000
5851.643	338.000
5859.643	345.000
5867.643	371.000
5875.643	318.000
5883.643	357.000
5891.644	388.000
5899.644	367.000
5907.644	368.000
5915.644	360.000
5923.644	386.000
5931.644	372.000
5939.645	363.000
5947.645	409.000
5955.645	428.000
5963.645	370.000
5971.645	415.000
5979.645	415.000
5987.646	402.000
5995.646	405.000
6003.646	447.000
6011.646	438.000
6019.646	427.000
6027.646	457.000
6035.647	455.000
6043.647	482.000
6051.647	476.000
6059.647	444.000
6067.647	487.000
6075.647	444.000
6083.648	481.000
6091.648	511.000
6099.648	511.000
6107.648	516.000
6115.648	559.000
6123.648	529.000
6131.649	530.000
6139.649	547.000
6147.649	550.000
6155.649	575.000
6163.649	538.000
6171.649	616.000
6179.650	615.000
6187.650	598.000
6195.650	589.000
6203.650	615.000
6211.650	611.000
6219.650	605.000
6227.651	662.000
6235.651	622.000
6243.651	689.000
6251.651	715.000
6259.651	679.000
6267.651	744.000
6275.652	699.000
6283.652	753.000
6291.652	739.000
6299.652	716.000
6307.652	676.000
6315.652	738.000
6323.653	730.000
6331.653	735.000
6339.653	733.000
6347.653	756.000
6355.653	781.000
6363.653	751.000
6371.654	750.000
6379.654	720.000
6387.654	763.000
6395.654	695.000
6403.654	677.000
6411.654	760.000
6419.655	684.000
6427.655	698.000
6435.655	643.000
6443.655	701.000
6451.655	697.000
6459.655	619.000
6467.656	652.000
6475.656	707.000
6483.656	643.000
6491.656	609.000
6499.656	597.000
6507.656	641.000
6515.657	573.000
6523.657	561.000
6531.657	589.000
6539.657	573.000
6547.657	553.000
6555.657	555.000
6563.658	536.000
6571.658	560.000
6579.658	547.000
6587.658	566.000
6595.658	530.000
6603.658	512.000
6611.659	509.000
6619.659	449.000
6627.659	458.000
6635.659	487.000
6643.659	505.000
6651.659	473.000
6659.660	453.000
6667.660	447.000
6675.660	448.000
6683.660	436.000
6691.660	480.000
6699.660	426.000
6707.661	414.000
6715.661	418.000
6723.661	448.000
6731.661	434.000
6739.661	459.000
6747.661	431.000
6755.662	390.000
6763.662	413.000
6771.662	435.000
6779.662	426.000
6787.662	439.000
6795.662	431.000
6803.663	424.000
6811.663	436.000
6819.663	444.000
6827.663	450.000
6835.663	421.000
6843.663	423.000
6851.664	468.000
6859.664	429.000
6867.664	444.000
6875.664	433.000
6883.664	474.000
6891.664	470.000
6899.665	424.000
6907.665	457.000
6915.665	472.000
6923.665	453.000
6931.665	518.000
6939.665	503.000
6947.666	467.000
6955.666	497.000
6963.666	505.000
6971.666	478.000
6979.666	518.000
6987.666	532.000
6995.667	520.000
7003.667	524.000
7011.667	558.000
7019.667	555.000
7027.667	570.000
7035.667	588.000
7043.668	573.000
7051.668	620.000
7059.668	671.000
7067.668	634.000
7075.668	634.000
7083.668	676.000
7091.669	620.000
7099.669	646.000
7107.669	670.000
7115.669	707.000
7123.669	708.000
7131.669	745.000
7139.670	698.000
7147.670	767.000
7155.670	769.000
7163.670	777.000
7171.670	809.000
7179.670	757.000
7187.671	804.000
7195.671	810.000
7203.671	818.000
7211.671	829.000
7219.671	818.000
7227.671	815.000
7235.672	808.000
7243.672	765.000
7251.672	852.000
7259.672	831.000
7267.672	825.000
7275.672	804.000
7283.673	889.000
7291.673	866.000
7299.673	845.000
7307.673	806.000
7315.673	820.000
7323.673	843.000
7331.674	811.000
7339.674	838.000
7347.674	790.000
7355.674	810.000
7363.674	850.000
7371.674	825.000
7379.675	760.000
7387.675	780.000
7395.675	761.000
7403.675	784.000
7411.675	756.000
7419.675	761.000
7427.676	721.000
7435.676	713.000
7443.676	729.000
7451.676	673.000
7459.676	667.000
7467.676	711.000
7475.677	644.000
7483.677	672.000
7491.677	683.000
7499.677	623.000
7507.677	587.000
7515.677	644.000
7523.678	609.000
7531.678	617.000
7539.678	574.000
7547.678	561.000
7555.678	573.000
7563.678	573.000
7571.679	549.000
7579.679	579.000
7587.679	550.000
7595.679	571.000
7603.679	524.000
7611.679	518.000
7619.680	549.000
7627.680	502.000
7635.680	490.000
7643.680	540.000
7651.680	515.000
7659.680	500.000
7667.681	519.000
7675.681	474.000
7683.681	472.000
7691.681	483.000
7699.681	500.000
7707.681	480.000
7715.682	474.000
7723.682	500.000
7731.682	481.000
7739.682	549.000
7747.682	505.000
7755.682	496.000
7763.683	510.000
7771.683	491.000
7779.683	465.000
7787.683	527.000
7795.683	503.000
7803.683	548.000
7811.684	517.000
7819.684	492.000
7827.684	513.000
7835.684	538.000
7843.684	536.000
7851.684	510.000
7859.685	532.000
7867.685	557.000
7875.685	515.000
7883.685	545.000
7891.685	536.000
7899.685	566.000
7907.686	572.000
7915.686	572.000
7923.686	580.000
7931.686	588.000
7939.686	610.000
7947.686	559.000
7955.687	619.000
7963.687	636.000
7971.687	648.000
7979.687	659.000
7987.687	642.000
7995.687	664.000
8003.688	657.000
8011.688	679.000
8019.688	697.000
8027.688	656.000
8035.688	706.000
8043.688	781.000
8051.689	749.000
8059.689	753.000
8067.689	787.000
8075.689	758.000
8083.689	811.000
8091.689	810.000
8099.690	770.000
8107.690	790.000
8115.690	858.000
8123.690	859.000
8131.690	857.000
8139.690	856.000
8147.691	884.000
8155.691	895.000
8163.691	930.000
8171.691	886.000
8179.691	937.000
8187.691	967.000
8195.692	874.000
8203.692	876.000
8211.692	925.000
8219.692	886.000
8227.692	909.000
8235.692	919.000
8243.693	874.000
8251.693	928.000
8259.693	948.000
8267.693	893.000
8275.693	961.000
8283.693	927.000
8291.694	904.000
8299.694	846.000
8307.694	880.000
8315.694	881.000
8323.694	852.000
8331.694	842.000
8339.695	827.000
8347.695	859.000
8355.695	771.000
8363.695	813.000
8371.695	763.000
8379.695	804.000
8387.696	774.000
8395.696	730.000
8403.696	779.000
8411.696	701.000
8419.696	685.000
8427.696	699.000
8435.697	706.000
8443.697	670.000
8451.697	768.000
8459.697	650.000
8467.697	677.000
8475.697	650.000
8483.698	619.000
8491.698	584.000
8499.698	639.000
8507.698	577.000
8515.698	611.000
8523.698	630.000
8531.699	569.000
8539.699	603.000
8547.699	565.000
8555.699	555.000
8563.699	541.000
8571.699	561.000
8579.700	587.000
8587.700	557.000
8595.700	565.000
8603.700	527.000
8611.700	512.000
8619.700	532.000
8627.701	603.000
8635.701	529.000
8643.701	497.000
8651.701	530.000
8659.701	512.000
8667.701	528.000
8675.702	526.000
8683.702	525.000
8691.702	524.000
8699.702	563.000
8707.702	553.000
8715.702	572.000
8723.703	535.000
8731.703	532.000
8739.703	561.000
8747.703	553.000
8755.703	547.000
8763.703	489.000
8771.704	579.000
8779.704	559.000
8787.704	544.000
8795.704	542.000
8803.704	579.000
8811.704	570.000
8819.705	582.000
8827.705	566.000
8835.705	575.000
8843.705	576.000
8851.705	619.000
8859.705	603.000
8867.706	657.000
8875.706	613.000
8883.706	629.000
8891.706	682.000
8899.706	634.000
8907.706	627.000
8915.707	632.000
8923.707	639.000
8931.707	674.000
8939.707	683.000
8947.707	705.000
8955.707	723.000
8963.708	769.000
8971.708	701.000
8979.708	817.000
8987.708	745.000
8995.708	801.000
9003.708	726.000
9011.709	764.000
9019.709	837.000
9027.709	803.000
9035.709	793.000
9043.709	802.000
9051.709	788.000
9059.710	837.000
9067.710	775.000
9075.710	867.000
9083.710	874.000
9091.710	903.000
9099.710	893.000
9107.711	864.000
9115.711	916.000
9123.711	854.000
9131.711	900.000
9139.711	912.000
9147.711	900.000
9155.712	878.000
9163.712	949.000
9171.712	985.000
9179.712	897.000
9187.712	931.000
9195.712	957.000
9203.713	958.000
9211.713	900.000
9219.713	884.000
9227.713	898.000
9235.713	840.000
9243.713	892.000
9251.714	864.000
9259.714	872.000
9267.714	838.000
9275.714	880.000
9283.714	846.000
9291.714	800.000
9299.715	812.000
9307.715	795.000
9315.715	844.000
9323.715	738.000
9331.715	781.000
9339.715	802.000
9347.716	752.000
9355.716	735.000
9363.716	692.000
9371.716	730.000
9379.716	730.000
9387.716	679.000
9395.717	745.000
9403.717	676.000
9411.717	663.000
9419.717	691.000
9427.717	660.000
9435.717	653.000
9443.718	642.000
9451.718	622.000
9459.718	660.000
9467.718	584.000
9475.718	609.000
9483.718	559.000
9491.719	542.000
9499.719	556.000
9507.719	571.000
9515.719	592.000
9523.719	598.000
9531.719	539.000
9539.720	511.000
9547.720	557.000
9555.720	530.000
9563.720	579.000
9571.720	542.000
9579.720	525.000
9587.721	573.000
9595.721	523.000
9603.721	492.000
9611.721	547.000
9619.721	524.000
9627.721	541.000
9635.722	530.000
9643.722	538.000
9651.722	520.000
9659.722	545.000
9667.722	495.000
9675.722	539.000
9683.723	510.000
9691.723	580.000
9699.723	523.000
9707.723	560.000
9715.723	540.000
9723.723	544.000
9731.724	549.000
9739.724	548.000
9747.724	565.000
9755.724	528.000
9763.724	586.000
9771.724	581.000
9779.725	612.000
9787.725	578.000
9795.725	632.000
9803.725	614.000
9811.725	585.000
9819.725	582.000
9827.726	564.000
9835.726	631.000
9843.726	621.000
9851.726	627.000
9859.726	623.000
9867.726	632.000
9875.727	628.000
9883.727	667.000
9891.727	672.000
9899.727	679.000
9907.727	672.000
9915.727	710.000
9923.728	723.000
9931.728	647.000
9939.728	728.000
9947.728	719.000
9955.728	700.000
9963.728	704.000
9971.729	722.000
9979.729	770.000
9987.729	799.000
9995.729	792.000
10003.729	732.000
10011.729	799.000
10019.730	770.000
10027.730	781.000
10035.730	842.000
10043.730	811.000
10051.730	831.000
10059.730	832.000
10067.731	881.000
10075.731	852.000
10083.731	835.000
10091.731	842.000
10099.731	875.000
10107.731	834.000
10115.732	924.000
10123.732	827.000
10131.732	824.000
10139.732	881.000
10147.732	795.000
10155.732	867.000
10163.733	816.000
10171.733	834.000
10179.733	892.000
10187.733	800.000
10195.733	808.000
10203.733	791.000
10211.734	798.000
10219.734	808.000
10227.734	783.000
10235.734	791.000
10243.734	800.000
10251.734	780.000
10259.735	741.000
10267.735	726.000
10275.735	726.000
10283.735	741.000
10291.735	730.000
10299.735	690.000
10307.736	691.000
10315.736	694.000
10323.736	727.000
10331.736	660.000
10339.736	682.000
10347.736	690.000
10355.737	610.000
10363.737	615.000
10371.737	646.000
10379.737	612.000
10387.737	637.000
10395.737	585.000
10403.738	593.000
10411.738	573.000
10419.738	571.000
10427.738	511.000
10435.738	535.000
10443.738	565.000
10451.739	552.000
10459.739	543.000
10467.739	521.000
10475.739	549.000
10483.739	548.000
10491.739	579.000
10499.740	482.000
10507.740	507.000
10515.740	537.000
10523.740	480.000
10531.740	531.000
10539.740	484.000
10547.741	481.000
10555.741	489.000
10563.741	489.000
10571.741	498.000
10579.741	502.000
10587.741	494.000
10595.742	496.000
10603.742	526.000
10611.742	487.000
10619.742	521.000
10627.742	502.000
10635.742	515.000
10643.743	493.000
10651.743	506.000
10659.743	493.000
10667.743	485.000
10675.743	493.000
10683.743	476.000
10691.744	493.000
10699.744	525.000
10707.744	545.000
10715.744	506.000
10723.744	517.000
10731.744	521.000
10739.745	536.000
10747.745	527.000
10755.745	500.000
10763.745	574.000
10771.745	564.000
10779.745	541.000
10787.746	562.000
10795.746	552.000
10803.746	542.000
10811.746	528.000
10819.746	561.000
10827.746	582.000
10835.747	559.000
10843.747	630.000
10851.747	588.000
10859.747	616.000
10867.747	606.000
10875.747	670.000
10883.748	613.000
10891.748	639.000
10899.748	654.000
10907.748	653.000
10915.748	662.000
10923.748	673.000
10931.749	687.000
10939.749	682.000
10947.749	670.000
10955.749	681.000
10963.749	730.000
10971.749	707.000
10979.750	664.000
10987.750	732.000
10995.750	680.000
11003.750	696.000
11011.750	746.000
11019.750	740.000
11027.751	827.000
11035.751	710.000
11043.751	753.000
11051.751	728.000
11059.751	717.000
11067.751	721.000
11075.752	779.000
11083.752	746.000
11091.752	736.000
11099.752	735.000
11107.752	724.000
11115.752	721.000
11123.753	761.000
11131.753	723.000
11139.753	758.000
11147.753	714.000
11155.753	691.000
11163.753	740.000
11171.754	698.000
11179.754	705.000
11187.754	713.000
11195.754	657.000
11203.754	647.000
11211.754	631.000
11219.755	632.000
11227.755	633.000
11235.755	575.000
11243.755	650.000
11251.755	602.000
11259.755	639.000
11267.756	639.000
11275.756	570.000
11283.756	614.000
11291.756	615.000
11299.756	564.000
11307.756	597.000
11315.757	559.000
11323.757	558.000
11331.757	468.000
11339.757	561.000
11347.757	546.000
11355.757	542.000
11363.758	541.000
11371.758	464.000
11379.758	502.000
11387.758	490.000
11395.758	474.000
11403.758	500.000
11411.759	463.000
11419.759	473.000
11427.759	460.000
11435.759	459.000
11443.759	453.000
11451.759	433.000
11459.760	461.000
11467.760	469.000
11475.760	434.000
11483.760	449.000
11491.760	434.000
11499.760	415.000
11507.761	435.000
11515.761	461.000
11523.761	441.000
11531.761	477.000
11539.761	408.000
11547.761	431.000
11555.762	458.000
11563.762	467.000
11571.762	447.000
11579.762	440.000
11587.762	425.000
11595.762	462.000
11603.763	415.000
11611.763	427.000
11619.763	432.000
11627.763	451.000
11635.763	441.000
11643.763	454.000
11651.764	433.000
11659.764	395.000
11667.764	418.000
11675.764	401.000
11683.764	439.000
11691.764	454.000
11699.765	478.000
11707.765	457.000
11715.765	478.000
11723.765	476.000
11731.765	447.000
11739.765	481.000
11747.766	506.000
11755.766	483.000
11763.766	475.000
11771.766	505.000
11779.766	491.000
11787.766	521.000
11795.767	509.000
11803.767	484.000
11811.767	477.000
11819.767	555.000
11827.767	532.000
11835.767	578.000
11843.768	569.000
11851.768	519.000
11859.768	551.000
11867.768	564.000
11875.768	571.000
11883.768	581.000
11891.769	562.000
11899.769	571.000
11907.769	557.000
11915.769	564.000
11923.769	587.000
11931.769	620.000
11939.770	583.000
11947.770	576.000
11955.770	601.000
11963.770	597.000
11971.770	590.000
11979.770	636.000
11987.771	607.000
11995.771	564.000
12003.771	610.000
12011.771	625.000
12019.771	558.000
12027.771	633.000
12035.772	607.000
12043.772	582.000
12051.772	589.000
12059.772	606.000
12067.772	590.000
12075.772	584.000
12083.773	601.000
12091.773	584.000
12099.773	595.000
12107.773	567.000
12115.773	569.000
12123.773	592.000
12131.774	510.000
12139.774	550.000
12147.774	553.000
12155.774	546.000
12163.774	556.000
12171.774	551.000
12179.775	553.000
12187.775	534.000
12195.775	517.000
12203.775	499.000
12211.775	494.000
12219.775	490.000
12227.776	489.000
12235.776	486.000
12243.776	435.000
12251.776	427.000
12259.776	456.000
12267.776	461.000
12275.777	417.000
12283.777	474.000
12291.777	433.000
12299.777	429.000
12307.777	431.000
12315.777	436.000
12323.778	375.000
12331.778	452.000
12339.778	407.000
12347.778	416.000
12355.778	378.000
12363.778	379.000
12371.779	378.000
12379.779	413.000
12387.779	374.000
12395.779	394.000
12403.779	364.000
12411.779	351.000
12419.780	355.000
12427.780	368.000
12435.780	372.000
12443.780	356.000
12451.780	359.000
12459.780	365.000
12467.781	351.000
12475.781	381.000
12483.781	355.000
12491.781	329.000
12499.781	323.000
12507.781	360.000
12515.782	338.000
12523.782	351.000
12531.782	349.000
12539.782	310.000
12547.782	367.000
12555.782	347.000
12563.783	349.000
12571.783	348.000
12579.783	368.000
12587.783	338.000
12595.783	366.000
12603.783	332.000
12611.784	332.000
12619.784	363.000
12627.784	377.000
12635.784	365.000
12643.784	346.000
12651.784	362.000
12659.785	317.000
12667.785	368.000
12675.785	365.000
12683.785	392.000
12691.785	390.000
12699.785	397.000
12707.786	400.000
12715.786	388.000
12723.786	374.000
12731.786	398.000
12739.786	409.000
12747.786	423.000
12755.787	389.000
12763.787	430.000
12771.787	383.000
12779.787	410.000
12787.787	418.000
12795.787	435.000
12803.788	401.000
12811.788	419.000
12819.788	468.000
12827.788	450.000
12835.788	434.000
12843.788	457.000
12851.789	464.000
12859.789	439.000
12867.789	448.000
12875.789	416.000
12883.789	491.000
12891.789	439.000
12899.790	445.000
12907.790	464.000
12915.790	481.000
12923.790	494.000
12931.790	501.000
12939.790	499.000
12947.791	488.000
12955.791	455.000
12963.791	500.000
12971.791	488.000
12979.791	451.000
12987.791	475.000
12995.792	466.000
13003.792	477.000
13011.792	461.000
13019.792	511.000
13027.792	473.000
13035.792	497.000
13043.793	475.000
13051.793	413.000
13059.793	450.000
13067.793	460.000
13075.793	444.000
13083.793	451.000
13091.794	461.000
13099.794	418.000
13107.794	464.000
13115.794	382.000
13123.794	453.000
13131.794	404.000
13139.795	411.000
13147.795	408.000
13155.795	391.000
13163.795	392.000
13171.795	353.000
13179.795	368.000
13187.796	385.000
13195.796	367.000
13203.796	348.000
13211.796	351.000
13219.796	354.000
13227.796	338.000
13235.797	350.000
13243.797	338.000
13251.797	331.000
13259.797	317.000
13267.797	363.000
13275.797	315.000
13283.798	325.000
13291.798	286.000
13299.798	318.000
13307.798	333.000
13315.798	294.000
13323.798	327.000
13331.799	288.000
13339.799	313.000
13347.799	296.000
13355.799	310.000
13363.799	282.000
13371.799	277.000
13379.800	290.000
13387.800	270.000
13395.800	299.000
13403.800	287.000
13411.800	282.000
13419.800	288.000
13427.801	268.000
13435.801	257.000
13443.801	298.000
13451.801	303.000
13459.801	303.000
13467.801	257.000
13475.802	250.000
13483.802	264.000
13491.802	270.000
13499.802	302.000
13507.802	282.000
13515.802	264.000
13523.803	277.000
13531.803	284.000
13539.803	312.000
13547.803	271.000
13555.803	266.000
13563.803	292.000
13571.804	299.000
13579.804	264.000
13587.804	278.000
13595.804	293.000
13603.804	263.000
13611.804	305.000
13619.805	304.000
13627.805	285.000
13635.805	297.000
13643.805	323.000
13651.805	262.000
13659.805	288.000
13667.806	262.000
13675.806	305.000
13683.806	267.000
13691.806	326.000
13699.806	315.000
13707.806	295.000
13715.807	281.000
13723.807	327.000
13731.807	328.000
13739.807	302.000
13747.807	319.000
13755.807	309.000
13763.808	347.000
13771.808	305.000
13779.808	336.000
13787.808	346.000
13795.808	357.000
13803.808	331.000
13811.809	329.000
13819.809	323.000
13827.809	326.000
13835.809	341.000
13843.809	308.000
13851.809	305.000
13859.810	386.000
13867.810	350.000
13875.810	354.000
13883.810	332.000
13891.810	347.000
13899.810	363.000
13907.811	335.000
13915.811	328.000
13923.811	339.000
13931.811	323.000
13939.811	359.000
13947.811	346.000
13955.812	352.000
13963.812	367.000
13971.812	377.000
13979.812	345.000
13987.812	336.000
13995.812	320.000
14003.813	328.000
14011.813	347.000
14019.813	361.000
14027.813	343.000
14035.813	323.000
14043.813	348.000
14051.814	308.000
14059.814	337.000
14067.814	337.000
14075.814	340.000
14083.814	292.000
14091.814	299.000
14099.815	302.000
14107.815	309.000
14115.815	310.000
14123.815	297.000
14131.815	279.000
14139.815	253.000
14147.816	292.000
14155.816	271.000
14163.816	278.000
14171.816	247.000
14179.816	251.000
14187.816	244.000
14195.817	238.000
14203.817	247.000
14211.817	261.000
14219.817	238.000
14227.817	252.000
14235.817	233.000
14243.818	234.000
14251.818	209.000
14259.818	219.000
14267.818	255.000
14275.818	234.000
14283.818	219.000
14291.819	225.000
14299.819	232.000
14307.819	217.000
14315.819	223.000
14323.819	202.000
14331.819	252.000
14339.820	213.000
14347.820	211.000
14355.820	172.000
14363.820	199.000
14371.820	220.000
14379.820	247.000
14387.821	213.000
14395.821	219.000
14403.821	206.000
14411.821	194.000
14419.821	196.000
14427.821	184.000
14435.822	200.000
14443.822	212.000
14451.822	208.000
14459.822	201.000
14467.822	211.000
14475.822	203.000
14483.823	182.000
14491.823	214.000
14499.823	204.000
14507.823	201.000
14515.823	230.000
14523.823	198.000
14531.824	209.000
14539.824	207.000
14547.824	197.000
14555.824	208.000
14563.824	213.000
14571.824	197.000
14579.825	212.000
14587.825	200.000
14595.825	242.000
14603.825	195.000
14611.825	199.000
14619.825	207.000
14627.826	195.000
14635.826	198.000
14643.826	231.000
14651.826	229.000
14659.826	221.000
14667.826	228.000
14675.827	210.000
14683.827	210.000
14691.827	227.000
14699.827	230.000
14707.827	226.000
14715.827	237.000
14723.828	229.000
14731.828	242.000
14739.828	233.000
14747.828	242.000
14755.828	214.000
14763.828	245.000
14771.829	254.000
14779.829	263.000
14787.829	222.000
14795.829	220.000
14803.829	228.000
14811.829	254.000
14819.830	223.000
14827.830	260.000
14835.830	250.000
14843.830	224.000
14851.830	233.000
14859.830	243.000
14867.831	245.000
14875.831	266.000
14883.831	243.000
14891.831	242.000
14899.831	240.000
14907.831	250.000
14915.832	250.000
14923.832	252.000
14931.832	248.000
14939.832	251.000
14947.832	252.000
14955.832	254.000
14963.833	208.000
14971.833	239.000
14979.833	273.000
14987.833	230.000
14995.833	245.000
15003.833	257.000
15011.834	226.000
15019.834	245.000
15027.834	212.000
15035.834	227.000
15043.834	206.000
15051.834	224.000
15059.835	189.000
15067.835	202.000
15075.835	193.000
15083.835	189.000
15091.835	202.000
15099.835	188.000
15107.836	164.000
15115.836	179.000
15123.836	156.000
15131.836	171.000
15139.836	205.000
15147.836	207.000
15155.837	150.000
15163.837	164.000
15171.837	206.000
15179.837	172.000
15187.837	182.000
15195.837	147.000
15203.838	159.000
15211.838	187.000
15219.838	160.000
15227.838	137.000
15235.838	158.000
15243.838	159.000
15251.839	166.000
15259.839	149.000
15267.839	142.000
15275.839	146.000
15283.839	144.000
15291.839	155.000
15299.840	140.000
15307.840	169.000
15315.840	139.000
15323.840	141.000
15331.840	142.000
15339.840	136.000
15347.841	143.000
15355.841	144.000
15363.841	137.000
15371.841	138.000
15379.841	132.000
15387.841	156.000
15395.842	145.000
15403.842	138.000
15411.842	154.000
15419.842	142.000
15427.842	142.000
15435.842	111.000
15443.843	138.000
15451.843	128.000
15459.843	151.000
15467.843	124.000
15475.843	156.000
15483.843	159.000
15491.844	148.000
15499.844	141.000
15507.844	129.000
15515.844	155.000
15523.844	155.000
15531.844	124.000
15539.845	150.000
15547.845	139.000
15555.845	137.000
15563.845	139.000
15571.845	151.000
15579.845	168.000
15587.846	166.000
15595.846	148.000
15603.846	147.000
15611.846	155.000
15619.846	146.000
15627.846	125.000
15635.847	157.000
15643.847	157.000
15651.847	168.000
15659.847	150.000
15667.847	143.000
15675.847	167.000
15683.848	162.000
15691.848	151.000
15699.848	153.000
15707.848	170.000
15715.848	160.000
15723.848	170.000
15731.849	166.000
15739.849	168.000
15747.849	184.000
15755.849	169.000
15763.849	178.000
15771.849	176.000
15779.850	165.000
15787.850	169.000
15795.850	196.000
15803.850	156.000
15811.850	172.000
15819.850	165.000
15827.851	148.000
15835.851	165.000
15843.851	156.000
15851.851	147.000
15859.851	159.000
15867.851	165.000
15875.852	194.000
15883.852	159.000
15891.852	182.000
15899.852	157.000
15907.852	166.000
15915.852	143.000
15923.853	159.000
15931.853	182.000
15939.853	152.000
15947.853	169.000
15955.853	180.000
15963.853	153.000
15971.854	155.000
15979.854	148.000
15987.854	157.000
15995.854	149.000
16003.854	150.000
16011.854	168.000
16019.855	132.000
16027.855	137.000
16035.855	155.000
16043.855	140.000
16051.855	133.000
16059.855	127.000
16067.856	135.000
16075.856	107.000
16083.856	126.000
16091.856	146.000
16099.856	131.000
16107.856	130.000
16115.857	121.000
16123.857	122.000
16131.857	127.000
16139.857	129.000
16147.857	117.000
16155.857	104.000
16163.858	132.000
16171.858	116.000
16179.858	115.000
16187.858	99.000
16195.858	100.000
16203.858	114.000
16211.859	104.000
16219.859	118.000
16227.859	99.000
16235.859	98.000
16243.859	90.000
16251.859	104.000
16259.860	101.000
16267.860	96.000
16275.860	90.000
16283.860	100.000
16291.860	93.000
16299.860	97.000
16307.861	98.000
16315.861	95.000
16323.861	93.000
16331.861	98.000
16339.861	86.000
16347.861	95.000
16355.862	94.000
16363.862	96.000
16371.862	89.000
16379.862	96.000
16387.862	76.000
16395.862	95.000
16403.863	111.000
16411.863	93.000
16419.863	78.000
16427.863	91.000
16435.863	104.000
16443.863	83.000
16451.864	102.000
16459.864	89.000
16467.864	97.000
16475.864	81.000
16483.864	77.000
16491.864	95.000
16499.865	104.000
16507.865	107.000
16515.865	118.000
16523.865	102.000
16531.865	90.000
16539.865	107.000
16547.866	108.000
16555.866	93.000
16563.866	88.000
16571.866	110.000
16579.866	95.000
16587.866	101.000
16595.867	88.000
16603.867	99.000
16611.867	101.000
16619.867	89.000
16627.867	95.000
16635.867	107.000
16643.868	90.000
16651.868	112.000
16659.868	114.000
16667.868	91.000
16675.868	115.000
16683.868	106.000
16691.869	99.000
16699.869	116.000
16707.869	109.000
16715.869	99.000
16723.869	125.000
16731.869	99.000
16739.870	127.000
16747.870	98.000
16755.870	81.000
16763.870	107.000
16771.870	104.000
16779.870	102.000
16787.871	104.000
16795.871	107.000
16803.871	109.000
16811.871	110.000
16819.871	119.000
16827.871	106.000
16835.872	127.000
16843.872	110.000
16851.872	111.000
16859.872	104.000
16867.872	100.000
16875.872	110.000
16883.873	110.000
16891.873	114.000
16899.873	116.000
16907.873	119.000
16915.873	90.000
16923.873	111.000
16931.874	100.000
16939.874	88.000
16947.874	104.000
16955.874	90.000
16963.874	94.000
16971.874	89.000
16979.875	103.000
16987.875	94.000
16995.875	79.000
17003.875	95.000
17011.875	95.000
17019.875	79.000
17027.876	92.000
17035.876	97.000
17043.876	95.000
17051.876	82.000
17059.876	71.000
17067.876	77.000
17075.877	67.000
17083.877	68.000
17091.877	91.000
17099.877	88.000
17107.877	71.000
17115.877	76.000
17123.878	73.000
17131.878	92.000
17139.878	76.000
17147.878	71.000
17155.878	70.000
17163.878	60.000
17171.879	68.000
17179.879	72.000
17187.879	71.000
17195.879	72.000
17203.879	65.000
17211.879	76.000
17219.880	77.000
17227.880	72.000
17235.880	56.000
17243.880	62.000
17251.880	64.000
17259.880	70.000
17267.881	51.000
17275.881	59.000
17283.881	64.000
17291.881	55.000
17299.881	59.000
17307.881	58.000
17315.882	53.000
17323.882	54.000
17331.882	67.000
17339.882	66.000
17347.882	56.000
17355.882	65.000
17363.883	63.000
17371.883	47.000
17379.883	71.000
17387.883	49.000
17395.883	60.000
17403.883	57.000
17411.884	71.000
17419.884	51.000
17427.884	60.000
17435.884	52.000
17443.884	49.000
17451.884	54.000
17459.885	62.000
17467.885	56.000
17475.885	61.000
17483.885	52.000
17491.885	63.000
17499.885	75.000
17507.886	56.000
17515.886	68.000
17523.886	58.000
17531.886	64.000
17539.886	70.000
17547.886	66.000
17555.887	79.000
17563.887	64.000
17571.887	64.000
17579.887	54.000
17587.887	58.000
17595.887	68.000
17603.888	61.000
17611.888	69.000
17619.888	70.000
17627.888	64.000
17635.888	73.000
17643.888	66.000
17651.889	69.000
17659.889	65.000
17667.889	63.000
17675.889	81.000
17683.889	60.000
17691.889	65.000
17699.890	68.000
17707.890	64.000
17715.890	59.000
17723.890	73.000
17731.890	70.000
17739.890	72.000
17747.891	85.000
17755.891	63.000
17763.891	72.000
17771.891	70.000
17779.891	61.000
17787.891	65.000
17795.892	68.000
17803.892	62.000
17811.892	63.000
17819.892	60.000
17827.892	59.000
17835.892	61.000
17843.893	48.000
17851.893	53.000
17859.893	75.000
17867.893	68.000
17875.893	61.000
17883.893	64.000
17891.894	67.000
17899.894	56.000
17907.894	59.000
17915.894	63.000
17923.894	69.000
17931.894	62.000
17939.895	61.000
17947.895	56.000
17955.895	62.000
17963.895	52.000
17971.895	55.000
17979.895	60.000
17987.896	64.000
17995.896	53.000
18003.896	43.000
18011.896	64.000
18019.896	53.000
18027.896	61.000
18035.897	49.000
18043.897	37.000
18051.897	43.000
18059.897	67.000
18067.897	49.000
18075.897	49.000
18083.898	41.000
18091.898	51.000
18099.898	46.000
18107.898	63.000
18115.898	45.000
18123.898	41.000
18131.899	45.000
18139.899	39.000
18147.899	51.000
18155.899	47.000
18163.899	34.000
18171.899	45.000
18179.900	53.000
18187.900	41.000
18195.900	38.000
18203.900	45.000
18211.900	29.000
18219.900	38.000
18227.901	44.000
18235.901	41.000
18243.901	39.000
18251.901	42.000
18259.901	39.000
18267.901	48.000
18275.902	45.000
18283.902	54.000
18291.902	42.000
18299.902	45.000
18307.902	36.000
18315.902	50.000
18323.903	25.000
18331.903	27.000
18339.903	31.000
18347.903	39.000
18355.903	31.000
18363.903	38.000
18371.904	41.000
18379.904	45.000
18387.904	39.000
18395.904	37.000
18403.904	40.000
18411.904	44.000
18419.905	24.000
18427.905	38.000
18435.905	32.000
18443.905	40.000
18451.905	42.000
18459.905	24.000
18467.906	37.000
18475.906	34.000
18483.906	35.000
18491.906	26.000
18499.906	46.000
18507.906	34.000
18515.907	27.000
18523.907	35.000
18531.907	35.000
18539.907	30.000
18547.907	29.000
18555.907	44.000
18563.908	37.000
18571.908	39.000
18579.908	37.000
18587.908	48.000
18595.908	41.000
18603.908	36.000
18611.909	52.000
18619.909	50.000
18627.909	45.000
18635.909	24.000
18643.909	38.000
18651.909	31.000
18659.910	40.000
18667.910	40.000
18675.910	41.000
18683.910	42.000
18691.910	34.000
18699.910	38.000
18707.911	32.000
18715.911	29.000
18723.911	39.000
18731.911	36.000
18739.911	35.000
18747.911	38.000
18755.912	35.000
18763.912	32.000
18771.912	41.000
18779.912	50.000
18787.912	38.000
18795.912	48.000
18803.913	40.000
18811.913	44.000
18819.913	41.000
18827.913	41.000
18835.913	31.000
18843.913	31.000
18851.914	39.000
18859.914	34.000
18867.914	37.000
18875.914	23.000
18883.914	33.000
18891.914	30.000
18899.915	34.000
18907.915	45.000
18915.915	33.000
18923.915	33.000
18931.915	32.000
18939.915	28.000
18947.916	36.000
18955.916	32.000
18963.916	27.000
18971.916	37.000
18979.916	26.000
18987.916	28.000
18995.917	25.000
19003.917	34.000
19011.917	27.000
19019.917	46.000
19027.917	39.000
19035.917	30.000
19043.918	44.000
19051.918	31.000
19059.918	33.000
19067.918	26.000
19075.918	30.000
19083.918	25.000
19091.919	30.000
19099.919	21.000
19107.919	23.000
19115.919	33.000
19123.919	24.000
19131.919	27.000
19139.920	16.000
19147.920	26.000
19155.920	29.000
19163.920	15.000
19171.920	24.000
19179.920	37.000
19187.921	22.000
19195.921	28.000
19203.921	28.000
19211.921	31.000
19219.921	26.000
19227.921	18.000
19235.922	21.000
19243.922	27.000
19251.922	25.000
19259.922	17.000
19267.922	18.000
19275.922	16.000
19283.923	16.000
19291.923	18.000
19299.923	25.000
19307.923	18.000
19315.923	33.000
19323.923	24.000
19331.924	25.000
19339.924	24.000
19347.924	20.000
19355.924	12.000
19363.924	25.000
19371.924	23.000
19379.925	21.000
19387.925	21.000
19395.925	15.000
19403.925	26.000
19411.925	20.000
19419.925	30.000
19427.926	23.000
19435.926	25.000
19443.926	22.000
19451.926	25.000
19459.926	15.000
19467.926	16.000
19475.927	18.000
19483.927	22.000
19491.927	16.000
19499.927	21.000
19507.927	22.000
19515.927	18.000
19523.928	18.000
19531.928	18.000
19539.928	27.000
19547.928	22.000
19555.928	28.000
19563.928	25.000
19571.929	33.000
19579.929	23.000
19587.929	20.000
19595.929	27.000
19603.929	25.000
19611.929	22.000
19619.930	17.000
19627.930	27.000
19635.930	23.000
19643.930	34.000
19651.930	31.000
19659.930	33.000
19667.931	20.000
19675.931	25.000
19683.931	23.000
19691.931	24.000
19699.931	26.000
19707.931	23.000
19715.932	22.000
19723.932	23.000
19731.932	23.000
19739.932	23.000
19747.932	25.000
19755.932	23.000
19763.933	31.000
19771.933	26.000
19779.933	26.000
19787.933	31.000
19795.933	22.000
19803.933	26.000
19811.934	26.000
19819.934	27.000
19827.934	27.000
19835.934	15.000
19843.934	20.000
19851.934	18.000
19859.935	21.000
19867.935	27.000
19875.935	23.000
19883.935	10.000
19891.935	24.000
19899.935	23.000
19907.936	23.000
19915.936	24.000
19923.936	16.000
19931.936	20.000
19939.936	18.000
19947.936	21.000
19955.937	19.000
19963.937	17.000
19971.937	9.000
19979.937	24.000
19987.937	16.000
19995.937	13.000
20003.938	10.000
20011.938	19.000
20019.938	23.000
20027.938	19.000
20035.938	20.000
20043.938	20.000
20051.939	17.000
20059.939	11.000
20067.939	18.000
20075.939	13.000
20083.939	14.000
20091.939	10.000
20099.940	13.000
20107.940	12.000
20115.940	18.000
20123.940	6.000
20131.940	13.000
20139.940	13.000
20147.941	25.000
20155.941	15.000
20163.941	9.000
20171.941	14.000
20179.941	9.000
20187.941	14.000
20195.942	17.000
20203.942	17.000
20211.942	16.000
20219.942	14.000
20227.942	8.000
20235.942	9.000
20243.943	21.000
20251.943	15.000
20259.943	16.000
20267.943	12.000
20275.943	8.000
20283.943	14.000
20291.944	15.000
20299.944	12.000
20307.944	16.000
20315.944	13.000
20323.944	16.000
20331.944	9.000
20339.945	13.000
20347.945	19.000
20355.945	17.000
20363.945	9.000
20371.945	12.000
20379.945	12.000
20387.946	8.000
20395.946	7.000
20403.946	16.000
20411.946	11.000
20419.946	11.000
20427.946	17.000
20435.947	8.000
20443.947	12.000
20451.947	12.000
20459.947	13.000
20467.947	16.000
20475.947	17.000
20483.948	10.000
20491.948	11.000
20499.948	11.000
20507.948	11.000
20515.948	19.000
20523.948	7.000
20531.949	11.000
20539.949	13.000
20547.949	9.000
20555.949	18.000
20563.949	10.000
20571.949	10.000
20579.950	13.000
20587.950	12.000
20595.950	17.000
20603.950	18.000
20611.950	10.000
20619.950	19.000
20627.951	7.000
20635.951	16.000
20643.951	12.000
20651.951	13.000
20659.951	19.000
20667.951	23.000
20675.952	15.000
20683.952	15.000
20691.952	11.000
20699.952	10.000
20707.952	14.000
20715.952	17.000
20723.953	19.000
20731.953	11.000
20739.953	14.000
20747.953	18.000
20755.953	11.000
20763.953	13.000
20771.954	15.000
20779.954	11.000
20787.954	13.000
20795.954	6.000
20803.954	9.000
20811.954	11.000
20819.955	10.000
20827.955	12.000
20835.955	8.000
20843.955	12.000
20851.955	10.000
20859.955	10.000
20867.956	11.000
20875.956	15.000
20883.956	15.000
20891.956	11.000
20899.956	11.000
20907.956	19.000
20915.957	16.000
20923.957	14.000
20931.957	9.000
20939.957	9.000
20947.957	8.000
20955.957	12.000
20963.958	11.000
20971.958	2.000
20979.958	15.000
20987.958	11.000
20995.958	7.000
21003.958	9.000
21011.959	11.000
21019.959	16.000
21027.959	7.000
21035.959	14.000
21043.959	10.000
21051.959	7.000
21059.960	11.000
21067.960	9.000
21075.960	14.000
21083.960	4.000
21091.960	7.000
21099.960	3.000
21107.961	14.000
21115.961	11.000
21123.961	6.000
21131.961	6.000
21139.961	9.000
21147.961	4.000
21155.962	6.000
21163.962	7.000
21171.962	9.000
21179.962	10.000
21187.962	11.000
21195.962	8.000
21203.963	5.000
21211.963	3.000
21219.963	9.000
21227.963	14.000
21235.963	6.000
21243.963	9.000
21251.964	7.000
21259.964	7.000
21267.964	3.000
21275.964	9.000
21283.964	7.000
21291.964	10.000
21299.965	5.000
21307.965	13.000
21315.965	5.000
21323.965	10.000
21331.965	9.000
21339.965	14.000
21347.966	8.000
21355.966	7.000
21363.966	4.000
21371.966	4.000
21379.966	3.000
21387.966	11.000
21395.967	9.000
21403.967	9.000
21411.967	9.000
21419.967	9.000
21427.967	4.000
21435.967	6.000
21443.968	4.000
21451.968	11.000
21459.968	7.000
21467.968	8.000
21475.968	6.000
21483.968	7.000
21491.969	7.000
21499.969	13.000
21507.969	5.000
21515.969	11.000
21523.969	9.000
21531.969	5.000
21539.970	5.000
21547.970	7.000
21555.970	12.000
21563.970	4.000
21571.970	5.000
21579.970	3.000
21587.971	7.000
21595.971	6.000
21603.971	7.000
21611.971	4.000
21619.971	12.000
21627.971	4.000
21635.972	9.000
21643.972	5.000
21651.972	12.000
21659.972	11.000
21667.972	6.000
21675.972	6.000
21683.973	11.000
21691.973	9.000
21699.973	6.000
21707.973	9.000
21715.973	5.000
21723.973	3.000
21731.974	7.000
21739.974	12.000
21747.974	14.000
21755.974	4.000
21763.974	4.000
21771.974	8.000
21779.975	3.000
21787.975	6.000
21795.975	10.000
21803.975	6.000
21811.975	7.000
21819.975	3.000
21827.976	8.000
21835.976	8.000
21843.976	9.000
21851.976	7.000
21859.976	9.000
21867.976	3.000
21875.977	5.000
21883.977	4.000
21891.977	4.000
21899.977	2.000
21907.977	2.000
21915.977	3.000
21923.978	6.000
21931.978	5.000
21939.978	5.000
21947.978	8.000
21955.978	4.000
21963.978	5.000
21971.979	8.000
21979.979	7.000
21987.979	1.000
21995.979	5.000
22003.979	4.000
22011.979	2.000
22019.980	3.000
22027.980	2.000
22035.980	7.000
22043.980	6.000
22051.980	4.000
22059.980	5.000
22067.981	5.000
22075.981	6.000
22083.981	3.000
22091.981	4.000
22099.981	4.000
22107.981	9.000
22115.982	11.000
22123.982	2.000
22131.982	4.000
22139.982	7.000
22147.982	5.000
22155.982	6.000
22163.983	7.000
22171.983	3.000
22179.983	6.000
22187.983	3.000
22195.983	4.000
22203.983	7.000
22211.984	7.000
22219.984	3.000
22227.984	3.000
22235.984	1.000
22243.984	1.000
22251.984	2.000
22259.985	3.000
22267.985	3.000
22275.985	4.000
22283.985	2.000
22291.985	4.000
22299.985	3.000
22307.986	4.000
22315.986	1.000
22323.986	7.000
22331.986	7.000
22339.986	2.000
22347.986	6.000
22355.987	4.000
22363.987	6.000
22371.987	5.000
22379.987	0.000
22387.987	2.000
22395.987	4.000
22403.988	5.000
22411.988	6.000
22419.988	7.000
22427.988	2.000
22435.988	2.000
22443.988	6.000
22451.989	7.000
22459.989	4.000
22467.989	2.000
22475.989	1.000
22483.989	0.000
22491.989	3.000
22499.990	5.000
22507.990	7.000
22515.990	6.000
22523.990	9.000
22531.990	6.000
22539.990	4.000
22547.991	5.000
22555.991	5.000
22563.991	1.000
22571.991	0.000
22579.991	4.000
22587.991	4.000
22595.992	3.000
22603.992	5.000
22611.992	2.000
22619.992	4.000
22627.992	3.000
22635.992	2.000
22643.993	5.000
22651.993	3.000
22659.993	6.000
22667.993	1.000
22675.993	5.000
22683.993	3.000
22691.994	7.000
22699.994	3.000
22707.994	7.000
22715.994	2.000
22723.994	2.000
22731.994	3.000
22739.995	3.000
22747.995	6.000
22755.995	7.000
22763.995	2.000
22771.995	3.000
22779.995	3.000
22787.996	5.000
22795.996	3.000
22803.996	3.000
22811.996	1.000
22819.996	4.000
22827.996	4.000
22835.997	3.000
22843.997	5.000
22851.997	6.000
22859.997	5.000
22867.997	5.000
22875.997	4.000
22883.998	3.000
22891.998	3.000
22899.998	1.000
22907.998	2.000
22915.998	5.000
22923.998	2.000
22931.999	1.000
22939.999	3.000
22947.999	2.000
22955.999	5.000
22963.999	2.000
22971.999	4.000
22980.000	4.000
22988.000	4.000
22996.000	2.000
