-996.500	0.000
-988.500	0.000
-980.500	0.000
-972.499	0.000
-964.499	0.000
-956.499	0.000
-948.499	0.000
-940.499	0.000
-932.499	0.000
-924.498	0.000
-916.498	0.000
-908.498	1.000
-900.498	0.000
-892.498	0.000
-884.498	0.000
-876.497	0.000
-868.497	0.000
-860.497	0.000
-852.497	0.000
-844.497	0.000
-836.497	0.000
-828.496	0.000
-820.496	0.000
-812.496	0.000
-804.496	0.000
-796.496	0.000
-788.496	0.000
-780.495	0.000
-772.495	0.000
-764.495	0.000
-756.495	1.000
-748.495	0.000
-740.495	0.000
-732.494	1.000
-724.494	0.000
-716.494	0.000
-708.494	0.000
-700.494	1.000
-692.494	3.000
-684.493	1.000
-676.493	1.000
-668.493	0.000
-660.493	4.000
-652.493	1.000
-644.493	0.000
-636.492	0.000
-628.492	3.000
-620.492	5.000
-612.492	3.000
-604.492	3.000
-596.492	9.000
-588.491	4.000
-580.491	6.000
-572.491	9.000
-564.491	7.000
-556.491	11.000
-548.491	14.000
-540.490	17.000
-532.490	15.000
-524.490	21.000
-516.490	25.000
-508.490	20.000
-500.490	28.000
-492.489	29.000
-484.489	34.000
-476.489	34.000
-468.489	52.000
-460.489	69.000
-452.489	43.000
-444.488	72.000
-436.488	88.000
-428.488	88.000
-420.488	89.000
-412.488	116.000
-404.488	108.000
-396.487	131.000
-388.487	161.000
-380.487	159.000
-372.487	219.000
-364.487	228.000
-356.487	261.000
-348.486	257.000
-340.486	279.000
-332.486	327.000
-324.486	372.000
-316.486	378.000
-308.486	448.000
-300.485	480.000
-292.485	542.000
-284.485	580.000
-276.485	603.000
-268.485	655.000
-260.485	752.000
-252.484	843.000
-244.484	906.000
-236.484	950.000
-228.484	1077.000
-220.484	1105.000
-212.484	1239.000
-204.483	1252.000
-196.483	1357.000
-188.483	1491.000
-180.483	1446.000
-172.483	1632.000
-164.483	1695.000
-156.482	1816.000
-148.482	1853.000
-140.482	2019.000
-132.482	1958.000
-124.482	2039.000
-116.482	2159.000
-108.481	2209.000
-100.481	2172.000
-92.481	2345.000
-84.481	2416.000
-76.481	2452.000
-68.481	2477.000
-60.480	2479.000
-52.480	2581.000
-44.480	2611.000
-36.480	2593.000
-28.480	2601.000
-20.480	2625.000
-12.479	2534.000
-4.479	2640.000
3.521	2609.000
11.521	2592.000
19.521	2514.000
27.521	2552.000
35.522	2624.000
43.522	2425.000
51.522	2425.000
59.522	2432.000
67.522	2342.000
75.522	2258.000
83.523	2220.000
91.523	2230.000
99.523	2256.000
107.523	2177.000
115.523	2085.000
123.523	2074.000
131.524	2032.000
139.524	1972.000
147.524	1955.000
155.524	1856.000
163.524	1878.000
171.524	1929.000
179.525	1872.000
187.525	1878.000
195.525	1880.000
203.525	1896.000
211.525	1852.000
219.525	1915.000
227.526	1903.000
235.526	1920.000
243.526	1906.000
251.526	1955.000
259.526	1998.000
267.526	2078.000
275.527	1983.000
283.527	2062.000
291.527	2077.000
299.527	2109.000
307.527	2213.000
315.527	2327.000
323.528	2251.000
331.528	2380.000
339.528	2382.000
347.528	2335.000
355.528	2477.000
363.528	2457.000
371.529	2463.000
379.529	2482.000
387.529	2415.000
395.529	2534.000
403.529	2539.000
411.529	2542.000
419.530	2530.000
427.530	2495.000
435.530	2585.000
443.530	2438.000
451.530	2564.000
459.530	2512.000
467.531	2537.000
475.531	2424.000
483.531	2414.000
491.531	2495.000
499.531	2428.000
507.531	2439.000
515.532	2337.000
523.532	2248.000
531.532	2256.000
539.532	2160.000
547.532	2210.000
555.532	2103.000
563.533	2049.000
571.533	1966.000
579.533	1903.000
587.533	1917.000
595.533	1854.000
603.533	1781.000
611.534	1757.000
619.534	1711.000
627.534	1640.000
635.534	1710.000
643.534	1720.000
651.534	1649.000
659.535	1699.000
667.535	1635.000
675.535	1609.000
683.535	1550.000
691.535	1548.000
699.535	1557.000
707.536	1507.000
715.536	1589.000
723.536	1599.000
731.536	1683.000
739.536	1562.000
747.536	1655.000
755.537	1671.000
763.537	1623.000
771.537	1664.000
779.537	1651.000
787.537	1708.000
795.537	1708.000
803.538	1726.000
811.538	1763.000
819.538	1703.000
827.538	1708.000
835.538	1811.000
843.538	1784.000
851.539	1819.000
859.539	1796.000
867.539	1872.000
875.539	1924.000
883.539	1889.000
891.539	1904.000
899.540	1903.000
907.540	1944.000
915.540	1918.000
923.540	1931.000
931.540	1890.000
939.540	1934.000
947.541	1896.000
955.541	1821.000
963.541	1758.000
971.541	1777.000
979.541	1793.000
987.541	1783.000
995.542	1702.000
1003.542	1733.000
1011.542	1692.000
1019.542	1613.000
1027.542	1610.000
1035.542	1614.000
1043.543	1533.000
1051.543	1519.000
1059.543	1452.000
1067.543	1433.000
1075.543	1460.000
1083.543	1399.000
1091.544	1328.000
1099.544	1303.000
1107.544	1361.000
1115.544	1254.000
1123.544	1222.000
1131.544	1227.000
1139.545	1205.000
1147.545	1162.000
1155.545	1187.000
1163.545	1114.000
1171.545	1166.000
1179.545	1195.000
1187.546	1200.000
1195.546	1160.000
1203.546	1214.000
1211.546	1216.000
1219.546	1248.000
1227.546	1223.000
1235.547	1203.000
1243.547	1222.000
1251.547	1231.000
1259.547	1284.000
1267.547	1348.000
1275.547	1274.000
1283.548	1275.000
1291.548	1300.000
1299.548	1280.000
1307.548	1341.000
1315.548	1385.000
1323.548	1406.000
1331.549	1463.000
1339.549	1365.000
1347.549	1460.000
1355.549	1412.000
1363.549	1423.000
1371.549	1471.000
1379.550	1531.000
1387.550	1477.000
1395.550	1488.000
1403.550	1447.000
1411.550	1490.000
1419.550	1468.000
1427.551	1457.000
1435.551	1444.000
1443.551	1432.000
1451.551	1394.000
1459.551	1449.000
1467.551	1359.000
1475.552	1318.000
1483.552	1304.000
1491.552	1290.000
1499.552	1310.000
1507.552	1358.000
1515.552	1305.000
1523.553	1265.000
1531.553	1210.000
1539.553	1166.000
1547.553	1149.000
1555.553	1099.000
1563.553	1149.000
1571.554	1105.000
1579.554	1124.000
1587.554	1108.000
1595.554	1053.000
1603.554	1066.000
1611.554	1038.000
1619.555	1001.000
1627.555	992.000
1635.555	996.000
1643.555	972.000
1651.555	943.000
1659.555	999.000
1667.556	952.000
1675.556	991.000
1683.556	996.000
1691.556	991.000
1699.556	1068.000
1707.556	1017.000
1715.557	1070.000
1723.557	1066.000
1731.557	1058.000
1739.557	1131.000
1747.557	1023.000
1755.557	1056.000
1763.558	1091.000
1771.558	1188.000
1779.558	1144.000
1787.558	1183.000
1795.558	1210.000
1803.558	1277.000
1811.559	1296.000
1819.559	1213.000
1827.559	1233.000
1835.559	1280.000
1843.559	1259.000
1851.559	1323.000
1859.560	1313.000
1867.560	1334.000
1875.560	1292.000
1883.560	1274.000
1891.560	1333.000
1899.560	1286.000
1907.561	1287.000
1915.561	1330.000
1923.561	1308.000
1931.561	1315.000
1939.561	1258.000
1947.561	1265.000
1955.562	1300.000
1963.562	1253.000
1971.562	1206.000
1979.562	1198.000
1987.562	1256.000
1995.562	1135.000
2003.563	1118.000
2011.563	1204.000
2019.563	1189.000
2027.563	1148.000
2035.563	1040.000
2043.563	1029.000
2051.564	1040.000
2059.564	1018.000
2067.564	1026.000
2075.564	1037.000
2083.564	1032.000
2091.564	981.000
2099.565	1016.000
2107.565	1017.000
2115.565	947.000
2123.565	922.000
2131.565	1008.000
2139.565	954.000
2147.566	994.000
2155.566	968.000
2163.566	886.000
2171.566	996.000
2179.566	1011.000
2187.566	983.000
2195.567	951.000
2203.567	1023.000
2211.567	1042.000
2219.567	1081.000
2227.567	1051.000
2235.567	1133.000
2243.568	1065.000
2251.568	1139.000
2259.568	1134.000
2267.568	1152.000
2275.568	1182.000
2283.568	1197.000
2291.569	1238.000
2299.569	1179.000
2307.569	1201.000
2315.569	1252.000
2323.569	1256.000
2331.569	1351.000
2339.570	1250.000
2347.570	1236.000
2355.570	1324.000
2363.570	1307.000
2371.570	1356.000
2379.570	1299.000
2387.571	1325.000
2395.571	1397.000
2403.571	1390.000
2411.571	1321.000
2419.571	1326.000
2427.571	1321.000
2435.572	1328.000
2443.572	1256.000
2451.572	1264.000
2459.572	1284.000
2467.572	1310.000
2475.572	1237.000
2483.573	1239.000
2491.573	1257.000
2499.573	1175.000
2507.573	1090.000
2515.573	1168.000
2523.573	1108.000
2531.574	1149.000
2539.574	1091.000
2547.574	1098.000
2555.574	1083.000
2563.574	1027.000
2571.574	1058.000
2579.575	1043.000
2587.575	1020.000
2595.575	1069.000
2603.575	1063.000
2611.575	986.000
2619.575	995.000
2627.576	946.000
2635.576	1011.000
2643.576	958.000
2651.576	1010.000
2659.576	1004.000
2667.576	1004.000
2675.577	1049.000
2683.577	1044.000
2691.577	995.000
2699.577	1015.000
2707.577	1094.000
2715.577	1063.000
2723.578	1057.000
2731.578	1119.000
2739.578	1116.000
2747.578	1126.000
2755.578	1191.000
2763.578	1196.000
2771.579	1277.000
2779.579	1130.000
2787.579	1265.000
2795.579	1291.000
2803.579	1268.000
2811.579	1313.000
2819.580	1280.000
2827.580	1367.000
2835.580	1369.000
2843.580	1351.000
2851.580	1343.000
2859.580	1389.000
2867.581	1329.000
2875.581	1399.000
2883.581	1374.000
2891.581	1355.000
2899.581	1341.000
2907.581	1456.000
2915.582	1357.000
2923.582	1382.000
2931.582	1389.000
2939.582	1318.000
2947.582	1294.000
2955.582	1281.000
2963.583	1294.000
2971.583	1268.000
2979.583	1314.000
2987.583	1257.000
2995.583	1244.000
3003.583	1220.000
3011.584	1165.000
3019.584	1177.000
3027.584	1162.000
3035.584	1102.000
3043.584	1140.000
3051.584	1107.000
3059.585	1070.000
3067.585	1063.000
3075.585	1077.000
3083.585	1053.000
3091.585	1036.000
3099.585	1009.000
3107.586	1040.000
3115.586	1055.000
3123.586	1059.000
3131.586	1028.000
3139.586	1013.000
3147.586	1061.000
3155.587	1026.000
3163.587	1037.000
3171.587	1037.000
3179.587	1032.000
3187.587	1076.000
3195.587	1051.000
3203.588	1103.000
3211.588	1076.000
3219.588	1112.000
3227.588	1124.000
3235.588	1180.000
3243.588	1138.000
3251.589	1227.000
3259.589	1231.000
3267.589	1259.000
3275.589	1201.000
3283.589	1225.000
3291.589	1288.000
3299.590	1275.000
3307.590	1308.000
3315.590	1278.000
3323.590	1308.000
3331.590	1342.000
3339.590	1306.000
3347.591	1289.000
3355.591	1366.000
3363.591	1300.000
3371.591	1336.000
3379.591	1394.000
3387.591	1395.000
3395.592	1347.000
3403.592	1416.000
3411.592	1317.000
3419.592	1360.000
3427.592	1342.000
3435.592	1291.000
3443.593	1334.000
3451.593	1291.000
3459.593	1346.000
3467.593	1288.000
3475.593	1272.000
3483.593	1181.000
3491.594	1216.000
3499.594	1209.000
3507.594	1180.000
3515.594	1133.000
3523.594	1141.000
3531.594	1104.000
3539.595	1146.000
3547.595	1076.000
3555.595	1078.000
3563.595	1032.000
3571.595	1061.000
3579.595	1013.000
3587.596	1024.000
3595.596	1073.000
3603.596	961.000
3611.596	973.000
3619.596	990.000
3627.596	983.000
3635.597	964.000
3643.597	956.000
3651.597	1030.000
3659.597	1039.000
3667.597	972.000
3675.597	992.000
3683.598	992.000
3691.598	1020.000
3699.598	1061.000
3707.598	1017.000
3715.598	1015.000
3723.598	1079.000
3731.599	1083.000
3739.599	1101.000
3747.599	1106.000
3755.599	1151.000
3763.599	1116.000
3771.599	1131.000
3779.600	1166.000
3787.600	1199.000
3795.600	1185.000
3803.600	1215.000
3811.600	1242.000
3819.600	1189.000
3827.601	1264.000
3835.601	1241.000
3843.601	1267.000
3851.601	1341.000
3859.601	1237.000
3867.601	1247.000
3875.602	1351.000
3883.602	1244.000
3891.602	1334.000
3899.602	1257.000
3907.602	1251.000
3915.602	1250.000
3923.603	1272.000
3931.603	1224.000
3939.603	1209.000
3947.603	1235.000
3955.603	1195.000
3963.603	1159.000
3971.604	1181.000
3979.604	1137.000
3987.604	1133.000
3995.604	1112.000
4003.604	1102.000
4011.604	1109.000
4019.605	1064.000
4027.605	1119.000
4035.605	1071.000
4043.605	1075.000
4051.605	1000.000
4059.605	995.000
4067.606	1028.000
4075.606	1014.000
4083.606	936.000
4091.606	954.000
4099.606	922.000
4107.606	950.000
4115.607	935.000
4123.607	915.000
4131.607	986.000
4139.607	946.000
4147.607	941.000
4155.607	975.000
4163.608	967.000
4171.608	942.000
4179.608	941.000
4187.608	988.000
4195.608	928.000
4203.608	924.000
4211.609	968.000
4219.609	1008.000
4227.609	990.000
4235.609	1010.000
4243.609	995.000
4251.609	989.000
4259.610	1033.000
4267.610	1105.000
4275.610	1056.000
4283.610	1061.000
4291.610	1099.000
4299.610	1069.000
4307.611	1137.000
4315.611	1158.000
4323.611	1169.000
4331.611	1158.000
4339.611	1091.000
4347.611	1180.000
4355.612	1194.000
4363.612	1166.000
4371.612	1173.000
4379.612	1162.000
4387.612	1146.000
4395.612	1179.000
4403.613	1139.000
4411.613	1115.000
4419.613	1164.000
4427.613	1124.000
4435.613	1115.000
4443.613	1063.000
4451.614	1024.000
4459.614	1067.000
4467.614	1072.000
4475.614	1086.000
4483.614	1052.000
4491.614	1008.000
4499.615	1026.000
4507.615	992.000
4515.615	983.000
4523.615	998.000
4531.615	969.000
4539.615	1009.000
4547.616	943.000
4555.616	931.000
4563.616	892.000
4571.616	908.000
4579.616	909.000
4587.616	987.000
4595.617	867.000
4603.617	862.000
4611.617	796.000
4619.617	865.000
4627.617	831.000
4635.617	871.000
4643.618	852.000
4651.618	839.000
4659.618	845.000
4667.618	825.000
4675.618	832.000
4683.618	900.000
4691.619	826.000
4699.619	882.000
4707.619	926.000
4715.619	904.000
4723.619	928.000
4731.619	867.000
4739.620	942.000
4747.620	947.000
4755.620	973.000
4763.620	980.000
4771.620	964.000
4779.620	959.000
4787.621	949.000
4795.621	970.000
4803.621	1010.000
4811.621	1066.000
4819.621	1032.000
4827.621	1014.000
4835.622	1075.000
4843.622	1063.000
4851.622	1028.000
4859.622	1077.000
4867.622	1083.000
4875.622	1066.000
4883.623	1018.000
4891.623	1096.000
4899.623	1070.000
4907.623	1042.000
4915.623	1020.000
4923.623	1017.000
4931.624	1066.000
4939.624	1071.000
4947.624	1034.000
4955.624	1041.000
4963.624	988.000
4971.624	1019.000
4979.625	908.000
4987.625	953.000
4995.625	927.000
5003.625	963.000
5011.625	920.000
5019.625	899.000
5027.626	854.000
5035.626	897.000
5043.626	894.000
5051.626	892.000
5059.626	847.000
5067.626	803.000
5075.627	781.000
5083.627	833.000
5091.627	788.000
5099.627	808.000
5107.627	747.000
5115.627	777.000
5123.628	806.000
5131.628	826.000
5139.628	794.000
5147.628	787.000
5155.628	810.000
5163.628	813.000
5171.629	770.000
5179.629	782.000
5187.629	793.000
5195.629	790.000
5203.629	827.000
5211.629	809.000
5219.630	818.000
5227.630	885.000
5235.630	801.000
5243.630	813.000
5251.630	814.000
5259.630	886.000
5267.631	862.000
5275.631	826.000
5283.631	906.000
5291.631	946.000
5299.631	903.000
5307.631	927.000
5315.632	892.000
5323.632	928.000
5331.632	935.000
5339.632	938.000
5347.632	946.000
5355.632	952.000
5363.633	933.000
5371.633	947.000
5379.633	929.000
5387.633	941.000
5395.633	978.000
5403.633	959.000
5411.634	992.000
5419.634	959.000
5427.634	971.000
5435.634	963.000
5443.634	965.000
5451.634	908.000
5459.635	913.000
5467.635	919.000
5475.635	915.000
5483.635	857.000
5491.635	888.000
5499.635	897.000
5507.636	820.000
5515.636	819.000
5523.636	832.000
5531.636	754.000
5539.636	807.000
5547.636	776.000
5555.637	775.000
5563.637	753.000
5571.637	753.000
5579.637	719.000
5587.637	765.000
5595.637	795.000
5603.638	732.000
5611.638	688.000
5619.638	712.000
5627.638	704.000
5635.638	741.000
5643.638	691.000
5651.639	730.000
5659.639	714.000
5667.639	711.000
5675.639	705.000
5683.639	735.000
5691.639	709.000
5699.640	698.000
5707.640	686.000
5715.640	705.000
5723.640	690.000
5731.640	787.000
5739.640	734.000
5747.641	779.000
5755.641	838.000
5763.641	767.000
5771.641	776.000
5779.641	791.000
5787.641	778.000
5795.642	857.000
5803.642	781.000
5811.642	855.000
5819.642	882.000
5827.642	808.000
5835.642	824.000
5843.643	870.000
5851.643	860.000
5859.643	905.000
5867.643	896.000
5875.643	859.000
5883.643	879.000
5891.644	854.000
5899.644	834.000
5907.644	760.000
5915.644	836.000
5923.644	856.000
5931.644	880.000
5939.645	871.000
5947.645	800.000
5955.645	882.000
5963.645	860.000
5971.645	827.000
5979.645	786.000
5987.646	788.000
5995.646	838.000
6003.646	730.000
6011.646	778.000
6019.646	732.000
6027.646	748.000
6035.647	742.000
6043.647	748.000
6051.647	752.000
6059.647	712.000
6067.647	710.000
6075.647	625.000
6083.648	661.000
6091.648	649.000
6099.648	658.000
6107.648	660.000
6115.648	607.000
6123.648	648.000
6131.649	664.000
6139.649	662.000
6147.649	624.000
6155.649	623.000
6163.649	676.000
6171.649	660.000
6179.650	660.000
6187.650	620.000
6195.650	633.000
6203.650	626.000
6211.650	643.000
6219.650	635.000
6227.651	652.000
6235.651	640.000
6243.651	669.000
6251.651	680.000
6259.651	704.000
6267.651	655.000
6275.652	708.000
6283.652	714.000
6291.652	673.000
6299.652	765.000
6307.652	750.000
6315.652	750.000
6323.653	713.000
6331.653	716.000
6339.653	728.000
6347.653	750.000
6355.653	770.000
6363.653	788.000
6371.654	812.000
6379.654	800.000
6387.654	781.000
6395.654	818.000
6403.654	734.000
6411.654	712.000
6419.655	758.000
6427.655	751.000
6435.655	733.000
6443.655	701.000
6451.655	746.000
6459.655	762.000
6467.656	744.000
6475.656	685.000
6483.656	690.000
6491.656	699.000
6499.656	703.000
6507.656	712.000
6515.657	718.000
6523.657	623.000
6531.657	645.000
6539.657	664.000
6547.657	619.000
6555.657	668.000
6563.658	638.000
6571.658	631.000
6579.658	612.000
6587.658	626.000
6595.658	591.000
6603.658	590.000
6611.659	561.000
6619.659	559.000
6627.659	523.000
6635.659	547.000
6643.659	549.000
6651.659	594.000
6659.660	516.000
6667.660	559.000
6675.660	561.000
6683.660	561.000
6691.660	570.000
6699.660	587.000
6707.661	606.000
6715.661	605.000
6723.661	596.000
6731.661	598.000
6739.661	568.000
6747.661	588.000
6755.662	650.000
6763.662	606.000
6771.662	644.000
6779.662	631.000
6787.662	634.000
6795.662	628.000
6803.663	646.000
6811.663	655.000
6819.663	605.000
6827.663	666.000
6835.663	684.000
6843.663	681.000
6851.664	682.000
6859.664	656.000
6867.664	657.000
6875.664	669.000
6883.664	642.000
6891.664	682.000
6899.665	679.000
6907.665	663.000
6915.665	670.000
6923.665	700.000
6931.665	677.000
6939.665	644.000
6947.666	616.000
6955.666	639.000
6963.666	620.000
6971.666	670.000
6979.666	593.000
6987.666	657.000
6995.667	675.000
7003.667	613.000
7011.667	561.000
7019.667	616.000
7027.667	546.000
7035.667	540.000
7043.668	589.000
7051.668	569.000
7059.668	567.000
7067.668	552.000
7075.668	528.000
7083.668	542.000
7091.669	544.000
7099.669	518.000
7107.669	558.000
7115.669	531.000
7123.669	504.000
7131.669	480.000
7139.670	526.000
7147.670	482.000
7155.670	507.000
7163.670	508.000
7171.670	488.000
7179.670	514.000
7187.671	479.000
7195.671	547.000
7203.671	511.000
7211.671	524.000
7219.671	545.000
7227.671	539.000
7235.672	512.000
7243.672	509.000
7251.672	552.000
7259.672	518.000
7267.672	541.000
7275.672	535.000
7283.673	547.000
7291.673	535.000
7299.673	536.000
7307.673	557.000
7315.673	570.000
7323.673	597.000
7331.674	616.000
7339.674	581.000
7347.674	560.000
7355.674	588.000
7363.674	602.000
7371.674	580.000
7379.675	542.000
7387.675	552.000
7395.675	592.000
7403.675	619.000
7411.675	607.000
7419.675	589.000
7427.676	587.000
7435.676	598.000
7443.676	565.000
7451.676	583.000
7459.676	567.000
7467.676	570.000
7475.677	549.000
7483.677	554.000
7491.677	545.000
7499.677	552.000
7507.677	537.000
7515.677	492.000
7523.678	520.000
7531.678	518.000
7539.678	467.000
7547.678	531.000
7555.678	492.000
7563.678	515.000
7571.679	499.000
7579.679	516.000
7587.679	475.000
7595.679	458.000
7603.679	486.000
7611.679	452.000
7619.680	480.000
7627.680	463.000
7635.680	477.000
7643.680	452.000
7651.680	442.000
7659.680	452.000
7667.681	459.000
7675.681	435.000
7683.681	433.000
7691.681	465.000
7699.681	467.000
7707.681	443.000
7715.682	439.000
7723.682	458.000
7731.682	465.000
7739.682	480.000
7747.682	428.000
7755.682	439.000
7763.683	478.000
7771.683	460.000
7779.683	471.000
7787.683	456.000
7795.683	487.000
7803.683	523.000
7811.684	493.000
7819.684	467.000
7827.684	523.000
7835.684	501.000
7843.684	486.000
7851.684	494.000
7859.685	490.000
7867.685	513.000
7875.685	496.000
7883.685	524.000
7891.685	507.000
7899.685	487.000
7907.686	507.000
7915.686	550.000
7923.686	503.000
7931.686	489.000
7939.686	515.000
7947.686	531.000
7955.687	518.000
7963.687	544.000
7971.687	475.000
7979.687	442.000
7987.687	475.000
7995.687	458.000
8003.688	447.000
8011.688	478.000
8019.688	448.000
8027.688	509.000
8035.688	468.000
8043.688	440.000
8051.689	468.000
8059.689	439.000
8067.689	477.000
8075.689	382.000
8083.689	419.000
8091.689	382.000
8099.690	428.000
8107.690	406.000
8115.690	406.000
8123.690	419.000
8131.690	394.000
8139.690	407.000
8147.691	412.000
8155.691	413.000
8163.691	396.000
8171.691	400.000
8179.691	365.000
8187.691	411.000
8195.692	385.000
8203.692	399.000
8211.692	399.000
8219.692	424.000
8227.692	369.000
8235.692	390.000
8243.693	427.000
8251.693	412.000
8259.693	397.000
8267.693	418.000
8275.693	422.000
8283.693	444.000
8291.694	429.000
8299.694	429.000
8307.694	429.000
8315.694	461.000
8323.694	444.000
8331.694	467.000
8339.695	447.000
8347.695	458.000
8355.695	440.000
8363.695	497.000
8371.695	433.000
8379.695	443.000
8387.696	458.000
8395.696	462.000
8403.696	421.000
8411.696	492.000
8419.696	473.000
8427.696	455.000
8435.697	499.000
8443.697	484.000
8451.697	459.000
8459.697	431.000
8467.697	427.000
8475.697	404.000
8483.698	416.000
8491.698	421.000
8499.698	433.000
8507.698	447.000
8515.698	436.000
8523.698	409.000
8531.699	407.000
8539.699	402.000
8547.699	401.000
8555.699	363.000
8563.699	429.000
8571.699	411.000
8579.700	406.000
8587.700	343.000
8595.700	397.000
8603.700	409.000
8611.700	356.000
8619.700	320.000
8627.701	394.000
8635.701	339.000
8643.701	347.000
8651.701	347.000
8659.701	403.000
8667.701	362.000
8675.702	370.000
8683.702	318.000
8691.702	343.000
8699.702	356.000
8707.702	373.000
8715.702	354.000
8723.703	340.000
8731.703	393.000
8739.703	352.000
8747.703	375.000
8755.703	379.000
8763.703	389.000
8771.704	404.000
8779.704	374.000
8787.704	398.000
8795.704	398.000
8803.704	408.000
8811.704	418.000
8819.705	403.000
8827.705	317.000
8835.705	412.000
8843.705	398.000
8851.705	411.000
8859.705	459.000
8867.706	431.000
8875.706	407.000
8883.706	432.000
8891.706	437.000
8899.706	428.000
8907.706	426.000
8915.707	399.000
8923.707	410.000
8931.707	419.000
8939.707	397.000
8947.707	425.000
8955.707	376.000
8963.708	400.000
8971.708	401.000
8979.708	386.000
8987.708	391.000
8995.708	429.000
9003.708	356.000
9011.709	396.000
9019.709	383.000
9027.709	383.000
9035.709	416.000
9043.709	347.000
9051.709	350.000
9059.710	338.000
9067.710	380.000
9075.710	347.000
9083.710	369.000
9091.710	394.000
9099.710	342.000
9107.711	318.000
9115.711	346.000
9123.711	325.000
9131.711	337.000
9139.711	325.000
9147.711	323.000
9155.712	331.000
9163.712	332.000
9171.712	320.000
9179.712	330.000
9187.712	335.000
9195.712	302.000
9203.713	348.000
9211.713	318.000
9219.713	333.000
9227.713	336.000
9235.713	334.000
9243.713	311.000
9251.714	348.000
9259.714	336.000
9267.714	343.000
9275.714	367.000
9283.714	374.000
9291.714	365.000
9299.715	340.000
9307.715	382.000
9315.715	394.000
9323.715	422.000
9331.715	374.000
9339.715	372.000
9347.716	406.000
9355.716	377.000
9363.716	370.000
9371.716	410.000
9379.716	369.000
9387.716	396.000
9395.717	388.000
9403.717	374.000
9411.717	418.000
9419.717	402.000
9427.717	412.000
9435.717	397.000
9443.718	375.000
9451.718	414.000
9459.718	408.000
9467.718	389.000
9475.718	390.000
9483.718	361.000
9491.719	344.000
9499.719	378.000
9507.719	352.000
9515.719	373.000
9523.719	389.000
9531.719	374.000
9539.720	365.000
9547.720	386.000
9555.720	365.000
9563.720	362.000
9571.720	333.000
9579.720	354.000
9587.721	346.000
9595.721	334.000
9603.721	335.000
9611.721	321.000
9619.721	333.000
9627.721	325.000
9635.722	309.000
9643.722	320.000
9651.722	324.000
9659.722	331.000
9667.722	296.000
9675.722	306.000
9683.723	304.000
9691.723	320.000
9699.723	298.000
9707.723	315.000
9715.723	324.000
9723.723	318.000
9731.724	284.000
9739.724	309.000
9747.724	319.000
9755.724	297.000
9763.724	344.000
9771.724	308.000
9779.725	361.000
9787.725	322.000
9795.725	363.000
9803.725	335.000
9811.725	354.000
9819.725	316.000
9827.726	346.000
9835.726	388.000
9843.726	346.000
9851.726	405.000
9859.726	363.000
9867.726	346.000
9875.727	398.000
9883.727	366.000
9891.727	363.000
9899.727	346.000
9907.727	393.000
9915.727	383.000
9923.728	344.000
9931.728	406.000
9939.728	363.000
9947.728	396.000
9955.728	369.000
9963.728	377.000
9971.729	397.000
9979.729	361.000
9987.729	386.000
9995.729	366.000
10003.729	406.000
10011.729	368.000
10019.730	341.000
10027.730	373.000
10035.730	355.000
10043.730	413.000
10051.730	361.000
10059.730	322.000
10067.731	334.000
10075.731	338.000
10083.731	344.000
10091.731	339.000
10099.731	327.000
10107.731	303.000
10115.732	327.000
10123.732	310.000
10131.732	316.000
10139.732	326.000
10147.732	335.000
10155.732	285.000
10163.733	302.000
10171.733	288.000
10179.733	302.000
10187.733	271.000
10195.733	324.000
10203.733	280.000
10211.734	307.000
10219.734	304.000
10227.734	304.000
10235.734	294.000
10243.734	327.000
10251.734	286.000
10259.735	327.000
10267.735	307.000
10275.735	319.000
10283.735	294.000
10291.735	338.000
10299.735	307.000
10307.736	337.000
10315.736	359.000
10323.736	330.000
10331.736	345.000
10339.736	369.000
10347.736	371.000
10355.737	350.000
10363.737	353.000
10371.737	355.000
10379.737	349.000
10387.737	373.000
10395.737	366.000
10403.738	386.000
10411.738	348.000
10419.738	358.000
10427.738	364.000
10435.738	384.000
10443.738	357.000
10451.739	373.000
10459.739	358.000
10467.739	367.000
10475.739	369.000
10483.739	366.000
10491.739	383.000
10499.740	357.000
10507.740	360.000
10515.740	334.000
10523.740	365.000
10531.740	349.000
10539.740	341.000
10547.741	328.000
10555.741	320.000
10563.741	346.000
10571.741	299.000
10579.741	324.000
10587.741	334.000
10595.742	316.000
10603.742	288.000
10611.742	339.000
10619.742	308.000
10627.742	291.000
10635.742	278.000
10643.743	324.000
10651.743	311.000
10659.743	304.000
10667.743	291.000
10675.743	313.000
10683.743	289.000
10691.744	310.000
10699.744	303.000
10707.744	295.000
10715.744	286.000
10723.744	345.000
10731.744	291.000
10739.745	302.000
10747.745	318.000
10755.745	296.000
10763.745	306.000
10771.745	332.000
10779.745	318.000
10787.746	320.000
10795.746	320.000
10803.746	323.000
10811.746	324.000
10819.746	346.000
10827.746	331.000
10835.747	331.000
10843.747	338.000
10851.747	335.000
10859.747	322.000
10867.747	343.000
10875.747	331.000
10883.748	394.000
10891.748	356.000
10899.748	370.000
10907.748	355.000
10915.748	394.000
10923.748	335.000
10931.749	390.000
10939.749	352.000
10947.749	358.000
10955.749	357.000
10963.749	350.000
10971.749	347.000
10979.750	361.000
10987.750	352.000
10995.750	340.000
11003.750	350.000
11011.750	313.000
11019.750	313.000
11027.751	311.000
11035.751	346.000
11043.751	335.000
11051.751	294.000
11059.751	364.000
11067.751	295.000
11075.752	345.000
11083.752	311.000
11091.752	307.000
11099.752	305.000
11107.752	324.000
11115.752	277.000
11123.753	306.000
11131.753	340.000
11139.753	267.000
11147.753	316.000
11155.753	286.000
11163.753	331.000
11171.754	282.000
11179.754	288.000
11187.754	278.000
11195.754	264.000
11203.754	269.000
11211.754	275.000
11219.755	326.000
11227.755	307.000
11235.755	300.000
11243.755	292.000
11251.755	302.000
11259.755	284.000
11267.756	269.000
11275.756	282.000
11283.756	308.000
11291.756	316.000
11299.756	310.000
11307.756	318.000
11315.757	306.000
11323.757	326.000
11331.757	297.000
11339.757	344.000
11347.757	341.000
11355.757	329.000
11363.758	336.000
11371.758	317.000
11379.758	336.000
11387.758	348.000
11395.758	343.000
11403.758	323.000
11411.759	327.000
11419.759	396.000
11427.759	301.000
11435.759	337.000
11443.759	342.000
11451.759	365.000
11459.760	334.000
11467.760	335.000
11475.760	355.000
11483.760	328.000
11491.760	338.000
11499.760	333.000
11507.761	354.000
11515.761	315.000
11523.761	311.000
11531.761	325.000
11539.761	321.000
11547.761	318.000
11555.762	328.000
11563.762	337.000
11571.762	308.000
11579.762	326.000
11587.762	310.000
11595.762	272.000
11603.763	287.000
11611.763	299.000
11619.763	304.000
11627.763	308.000
11635.763	310.000
11643.763	297.000
11651.764	299.000
11659.764	253.000
11667.764	297.000
11675.764	279.000
11683.764	281.000
11691.764	285.000
11699.765	260.000
11707.765	260.000
11715.765	272.000
11723.765	256.000
11731.765	325.000
11739.765	283.000
11747.766	258.000
11755.766	267.000
11763.766	306.000
11771.766	274.000
11779.766	298.000
11787.766	273.000
11795.767	275.000
11803.767	288.000
11811.767	290.000
11819.767	292.000
11827.767	263.000
11835.767	319.000
11843.768	304.000
11851.768	333.000
11859.768	314.000
11867.768	331.000
11875.768	287.000
11883.768	320.000
11891.769	336.000
11899.769	290.000
11907.769	335.000
11915.769	307.000
11923.769	325.000
11931.769	329.000
11939.770	312.000
11947.770	320.000
11955.770	323.000
11963.770	312.000
11971.770	317.000
11979.770	287.000
11987.771	325.000
11995.771	345.000
12003.771	336.000
12011.771	337.000
12019.771	335.000
12027.771	311.000
12035.772	327.000
12043.772	331.000
12051.772	307.000
12059.772	340.000
12067.772	326.000
12075.772	324.000
12083.773	281.000
12091.773	299.000
12099.773	274.000
12107.773	319.000
12115.773	282.000
12123.773	279.000
12131.774	310.000
12139.774	263.000
12147.774	308.000
12155.774	281.000
12163.774	286.000
12171.774	264.000
12179.775	235.000
12187.775	237.000
12195.775	288.000
12203.775	242.000
12211.775	292.000
12219.775	254.000
12227.776	263.000
12235.776	239.000
12243.776	273.000
12251.776	273.000
12259.776	277.000
12267.776	270.000
12275.777	255.000
12283.777	260.000
12291.777	311.000
12299.777	254.000
12307.777	257.000
12315.777	288.000
12323.778	302.000
12331.778	256.000
12339.778	293.000
12347.778	284.000
12355.778	288.000
12363.778	279.000
12371.779	278.000
12379.779	294.000
12387.779	331.000
12395.779	305.000
12403.779	335.000
12411.779	273.000
12419.780	290.000
12427.780	312.000
12435.780	294.000
12443.780	289.000
12451.780	313.000
12459.780	298.000
12467.781	302.000
12475.781	293.000
12483.781	290.000
12491.781	310.000
12499.781	302.000
12507.781	300.000
12515.782	318.000
12523.782	330.000
12531.782	269.000
12539.782	315.000
12547.782	287.000
12555.782	293.000
12563.783	342.000
12571.783	258.000
12579.783	263.000
12587.783	256.000
12595.783	276.000
12603.783	287.000
12611.784	254.000
12619.784	259.000
12627.784	256.000
12635.784	245.000
12643.784	271.000
12651.784	253.000
12659.785	226.000
12667.785	262.000
12675.785	237.000
12683.785	269.000
12691.785	260.000
12699.785	256.000
12707.786	237.000
12715.786	251.000
12723.786	234.000
12731.786	228.000
12739.786	244.000
12747.786	236.000
12755.787	269.000
12763.787	270.000
12771.787	212.000
12779.787	234.000
12787.787	239.000
12795.787	252.000
12803.788	248.000
12811.788	247.000
12819.788	254.000
12827.788	271.000
12835.788	243.000
12843.788	283.000
12851.789	267.000
12859.789	274.000
12867.789	266.000
12875.789	272.000
12883.789	261.000
12891.789	267.000
12899.790	258.000
12907.790	263.000
12915.790	285.000
12923.790	267.000
12931.790	300.000
12939.790	251.000
12947.791	294.000
12955.791	264.000
12963.791	250.000
12971.791	282.000
12979.791	297.000
12987.791	278.000
12995.792	264.000
13003.792	323.000
13011.792	313.000
13019.792	263.000
13027.792	276.000
13035.792	289.000
13043.793	274.000
13051.793	272.000
13059.793	279.000
13067.793	281.000
13075.793	267.000
13083.793	259.000
13091.794	257.000
13099.794	261.000
13107.794	237.000
13115.794	239.000
13123.794	241.000
13131.794	242.000
13139.795	252.000
13147.795	247.000
13155.795	221.000
13163.795	238.000
13171.795	212.000
13179.795	233.000
13187.796	247.000
13195.796	217.000
13203.796	235.000
13211.796	231.000
13219.796	232.000
13227.796	237.000
13235.797	239.000
13243.797	245.000
13251.797	222.000
13259.797	194.000
13267.797	233.000
13275.797	236.000
13283.798	250.000
13291.798	233.000
13299.798	250.000
13307.798	212.000
13315.798	239.000
13323.798	263.000
13331.799	209.000
13339.799	198.000
13347.799	255.000
13355.799	233.000
13363.799	198.000
13371.799	249.000
13379.800	252.000
13387.800	264.000
13395.800	242.000
13403.800	245.000
13411.800	254.000
13419.800	265.000
13427.801	230.000
13435.801	265.000
13443.801	281.000
13451.801	251.000
13459.801	240.000
13467.801	239.000
13475.802	257.000
13483.802	232.000
13491.802	253.000
13499.802	251.000
13507.802	239.000
13515.802	249.000
13523.803	199.000
13531.803	268.000
13539.803	254.000
13547.803	263.000
13555.803	221.000
13563.803	235.000
13571.804	236.000
13579.804	250.000
13587.804	201.000
13595.804	229.000
13603.804	228.000
13611.804	196.000
13619.805	216.000
13627.805	226.000
13635.805	196.000
13643.805	241.000
13651.805	217.000
13659.805	224.000
13667.806	197.000
13675.806	199.000
13683.806	218.000
13691.806	210.000
13699.806	187.000
13707.806	216.000
13715.807	186.000
13723.807	212.000
13731.807	194.000
13739.807	188.000
13747.807	195.000
13755.807	176.000
13763.808	203.000
13771.808	167.000
13779.808	202.000
13787.808	193.000
13795.808	178.000
13803.808	228.000
13811.809	213.000
13819.809	175.000
13827.809	204.000
13835.809	213.000
13843.809	192.000
13851.809	205.000
13859.810	219.000
13867.810	226.000
13875.810	195.000
13883.810	196.000
13891.810	201.000
13899.810	200.000
13907.811	216.000
13915.811	204.000
13923.811	202.000
13931.811	245.000
13939.811	211.000
13947.811	195.000
13955.812	230.000
13963.812	224.000
13971.812	192.000
13979.812	214.000
13987.812	240.000
13995.812	222.000
14003.813	219.000
14011.813	224.000
14019.813	233.000
14027.813	192.000
14035.813	204.000
14043.813	210.000
14051.814	233.000
14059.814	199.000
14067.814	213.000
14075.814	196.000
14083.814	205.000
14091.814	217.000
14099.815	191.000
14107.815	186.000
14115.815	201.000
14123.815	182.000
14131.815	179.000
14139.815	204.000
14147.816	176.000
14155.816	188.000
14163.816	186.000
14171.816	174.000
14179.816	178.000
14187.816	166.000
14195.817	177.000
14203.817	151.000
14211.817	175.000
14219.817	187.000
14227.817	188.000
14235.817	143.000
14243.818	165.000
14251.818	190.000
14259.818	167.000
14267.818	156.000
14275.818	153.000
14283.818	184.000
14291.819	175.000
14299.819	174.000
14307.819	174.000
14315.819	187.000
14323.819	185.000
14331.819	191.000
14339.820	152.000
14347.820	181.000
14355.820	181.000
14363.820	194.000
14371.820	191.000
14379.820	187.000
14387.821	160.000
14395.821	187.000
14403.821	209.000
14411.821	172.000
14419.821	179.000
14427.821	193.000
14435.822	194.000
14443.822	165.000
14451.822	190.000
14459.822	173.000
14467.822	179.000
14475.822	174.000
14483.823	166.000
14491.823	186.000
14499.823	201.000
14507.823	196.000
14515.823	188.000
14523.823	199.000
14531.824	196.000
14539.824	166.000
14547.824	157.000
14555.824	193.000
14563.824	174.000
14571.824	177.000
14579.825	162.000
14587.825	147.000
14595.825	170.000
14603.825	176.000
14611.825	157.000
14619.825	150.000
14627.826	138.000
14635.826	175.000
14643.826	154.000
14651.826	195.000
14659.826	175.000
14667.826	166.000
14675.827	139.000
14683.827	162.000
14691.827	153.000
14699.827	138.000
14707.827	146.000
14715.827	149.000
14723.828	162.000
14731.828	131.000
14739.828	138.000
14747.828	148.000
14755.828	157.000
14763.828	140.000
14771.829	127.000
14779.829	148.000
14787.829	154.000
14795.829	126.000
14803.829	138.000
14811.829	159.000
14819.830	131.000
14827.830	124.000
14835.830	139.000
14843.830	148.000
14851.830	151.000
14859.830	148.000
14867.831	151.000
14875.831	146.000
14883.831	126.000
14891.831	149.000
14899.831	148.000
14907.831	164.000
14915.832	179.000
14923.832	140.000
14931.832	149.000
14939.832	168.000
14947.832	162.000
14955.832	145.000
14963.833	145.000
14971.833	149.000
14979.833	145.000
14987.833	155.000
14995.833	149.000
15003.833	147.000
15011.834	137.000
15019.834	167.000
15027.834	154.000
15035.834	173.000
15043.834	173.000
15051.834	158.000
15059.835	153.000
15067.835	148.000
15075.835	129.000
15083.835	149.000
15091.835	152.000
15099.835	131.000
15107.836	153.000
15115.836	142.000
15123.836	138.000
15131.836	150.000
15139.836	146.000
15147.836	158.000
15155.837	143.000
15163.837	150.000
15171.837	126.000
15179.837	139.000
15187.837	143.000
15195.837	147.000
15203.838	124.000
15211.838	140.000
15219.838	120.000
15227.838	110.000
15235.838	134.000
15243.838	104.000
15251.839	105.000
15259.839	138.000
15267.839	118.000
15275.839	116.000
15283.839	120.000
15291.839	142.000
15299.840	122.000
15307.840	106.000
15315.840	114.000
15323.840	115.000
15331.840	102.000
15339.840	121.000
15347.841	113.000
15355.841	127.000
15363.841	121.000
15371.841	127.000
15379.841	108.000
15387.841	121.000
15395.842	126.000
15403.842	144.000
15411.842	115.000
15419.842	139.000
15427.842	123.000
15435.842	149.000
15443.843	125.000
15451.843	136.000
15459.843	124.000
15467.843	112.000
15475.843	131.000
15483.843	121.000
15491.844	112.000
15499.844	138.000
15507.844	127.000
15515.844	137.000
15523.844	125.000
15531.844	125.000
15539.845	127.000
15547.845	139.000
15555.845	130.000
15563.845	121.000
15571.845	144.000
15579.845	115.000
15587.846	114.000
15595.846	121.000
15603.846	118.000
15611.846	113.000
15619.846	113.000
15627.846	120.000
15635.847	113.000
15643.847	84.000
15651.847	134.000
15659.847	99.000
15667.847	105.000
15675.847	99.000
15683.848	113.000
15691.848	97.000
15699.848	105.000
15707.848	95.000
15715.848	103.000
15723.848	109.000
15731.849	119.000
15739.849	101.000
15747.849	101.000
15755.849	106.000
15763.849	117.000
15771.849	88.000
15779.850	102.000
15787.850	105.000
15795.850	111.000
15803.850	98.000
15811.850	102.000
15819.850	109.000
15827.851	98.000
15835.851	110.000
15843.851	86.000
15851.851	91.000
15859.851	84.000
15867.851	111.000
15875.852	89.000
15883.852	118.000
15891.852	82.000
15899.852	94.000
15907.852	101.000
15915.852	90.000
15923.853	115.000
15931.853	88.000
15939.853	96.000
15947.853	87.000
15955.853	104.000
15963.853	84.000
15971.854	108.000
15979.854	92.000
15987.854	103.000
15995.854	79.000
16003.854	92.000
16011.854	100.000
16019.855	98.000
16027.855	112.000
16035.855	118.000
16043.855	89.000
16051.855	94.000
16059.855	88.000
16067.856	95.000
16075.856	98.000
16083.856	77.000
16091.856	94.000
16099.856	104.000
16107.856	79.000
16115.857	92.000
16123.857	99.000
16131.857	80.000
16139.857	91.000
16147.857	104.000
16155.857	87.000
16163.858	95.000
16171.858	86.000
16179.858	83.000
16187.858	72.000
16195.858	86.000
16203.858	93.000
16211.859	107.000
16219.859	85.000
16227.859	85.000
16235.859	68.000
16243.859	75.000
16251.859	79.000
16259.860	71.000
16267.860	71.000
16275.860	70.000
16283.860	86.000
16291.860	83.000
16299.860	84.000
16307.861	82.000
16315.861	80.000
16323.861	74.000
16331.861	85.000
16339.861	77.000
16347.861	62.000
16355.862	77.000
16363.862	73.000
16371.862	77.000
16379.862	68.000
16387.862	64.000
16395.862	92.000
16403.863	92.000
16411.863	59.000
16419.863	74.000
16427.863	55.000
16435.863	64.000
16443.863	64.000
16451.864	81.000
16459.864	66.000
16467.864	72.000
16475.864	77.000
16483.864	66.000
16491.864	77.000
16499.865	63.000
16507.865	83.000
16515.865	88.000
16523.865	80.000
16531.865	79.000
16539.865	62.000
16547.866	68.000
16555.866	71.000
16563.866	59.000
16571.866	78.000
16579.866	72.000
16587.866	75.000
16595.867	70.000
16603.867	57.000
16611.867	73.000
16619.867	71.000
16627.867	73.000
16635.867	87.000
16643.868	72.000
16651.868	55.000
16659.868	63.000
16667.868	92.000
16675.868	62.000
16683.868	73.000
16691.869	82.000
16699.869	68.000
16707.869	77.000
16715.869	58.000
16723.869	68.000
16731.869	74.000
16739.870	64.000
16747.870	62.000
16755.870	61.000
16763.870	49.000
16771.870	79.000
16779.870	72.000
16787.871	55.000
16795.871	48.000
16803.871	46.000
16811.871	70.000
16819.871	55.000
16827.871	58.000
16835.872	47.000
16843.872	68.000
16851.872	69.000
16859.872	56.000
16867.872	68.000
16875.872	64.000
16883.873	72.000
16891.873	48.000
16899.873	56.000
16907.873	54.000
16915.873	56.000
16923.873	51.000
16931.874	65.000
16939.874	43.000
16947.874	58.000
16955.874	60.000
16963.874	48.000
16971.874	54.000
16979.875	60.000
16987.875	46.000
16995.875	69.000
17003.875	68.000
17011.875	55.000
17019.875	50.000
17027.876	61.000
17035.876	60.000
17043.876	58.000
17051.876	55.000
17059.876	66.000
17067.876	57.000
17075.877	40.000
17083.877	60.000
17091.877	52.000
17099.877	63.000
17107.877	52.000
17115.877	50.000
17123.878	57.000
17131.878	63.000
17139.878	52.000
17147.878	46.000
17155.878	61.000
17163.878	48.000
17171.879	74.000
17179.879	51.000
17187.879	42.000
17195.879	48.000
17203.879	40.000
17211.879	44.000
17219.880	65.000
17227.880	46.000
17235.880	41.000
17243.880	53.000
17251.880	53.000
17259.880	42.000
17267.881	49.000
17275.881	40.000
17283.881	40.000
17291.881	36.000
17299.881	27.000
17307.881	38.000
17315.882	39.000
17323.882	51.000
17331.882	41.000
17339.882	37.000
17347.882	33.000
17355.882	39.000
17363.883	35.000
17371.883	60.000
17379.883	34.000
17387.883	33.000
17395.883	33.000
17403.883	36.000
17411.884	33.000
17419.884	40.000
17427.884	37.000
17435.884	48.000
17443.884	42.000
17451.884	40.000
17459.885	37.000
17467.885	40.000
17475.885	53.000
17483.885	36.000
17491.885	34.000
17499.885	31.000
17507.886	55.000
17515.886	46.000
17523.886	40.000
17531.886	44.000
17539.886	46.000
17547.886	34.000
17555.887	46.000
17563.887	41.000
17571.887	42.000
17579.887	44.000
17587.887	40.000
17595.887	43.000
17603.888	35.000
17611.888	38.000
17619.888	38.000
17627.888	44.000
17635.888	35.000
17643.888	50.000
17651.889	43.000
17659.889	46.000
17667.889	40.000
17675.889	29.000
17683.889	36.000
17691.889	27.000
17699.890	37.000
17707.890	27.000
17715.890	38.000
17723.890	37.000
17731.890	27.000
17739.890	42.000
17747.891	27.000
17755.891	36.000
17763.891	38.000
17771.891	46.000
17779.891	45.000
17787.891	37.000
17795.892	37.000
17803.892	33.000
17811.892	34.000
17819.892	34.000
17827.892	37.000
17835.892	32.000
17843.893	31.000
17851.893	29.000
17859.893	35.000
17867.893	30.000
17875.893	40.000
17883.893	43.000
17891.894	40.000
17899.894	24.000
17907.894	26.000
17915.894	39.000
17923.894	36.000
17931.894	25.000
17939.895	30.000
17947.895	32.000
17955.895	31.000
17963.895	29.000
17971.895	33.000
17979.895	13.000
17987.896	29.000
17995.896	29.000
18003.896	30.000
18011.896	34.000
18019.896	33.000
18027.896	23.000
18035.897	20.000
18043.897	30.000
18051.897	35.000
18059.897	21.000
18067.897	29.000
18075.897	21.000
18083.898	30.000
18091.898	27.000
18099.898	25.000
18107.898	33.000
18115.898	30.000
18123.898	41.000
18131.899	28.000
18139.899	32.000
18147.899	32.000
18155.899	35.000
18163.899	38.000
18171.899	21.000
18179.900	28.000
18187.900	32.000
18195.900	32.000
18203.900	29.000
18211.900	23.000
18219.900	30.000
18227.901	34.000
18235.901	39.000
18243.901	17.000
18251.901	31.000
18259.901	26.000
18267.901	20.000
18275.902	26.000
18283.902	26.000
18291.902	15.000
18299.902	27.000
18307.902	23.000
18315.902	25.000
18323.903	16.000
18331.903	22.000
18339.903	17.000
18347.903	27.000
18355.903	15.000
18363.903	30.000
18371.904	23.000
18379.904	27.000
18387.904	27.000
18395.904	19.000
18403.904	10.000
18411.904	20.000
18419.905	19.000
18427.905	31.000
18435.905	18.000
18443.905	21.000
18451.905	18.000
18459.905	26.000
18467.906	17.000
18475.906	20.000
18483.906	27.000
18491.906	14.000
18499.906	28.000
18507.906	20.000
18515.907	27.000
18523.907	21.000
18531.907	23.000
18539.907	20.000
18547.907	15.000
18555.907	18.000
18563.908	26.000
18571.908	20.000
18579.908	19.000
18587.908	22.000
18595.908	20.000
18603.908	20.000
18611.909	20.000
18619.909	23.000
18627.909	28.000
18635.909	16.000
18643.909	21.000
18651.909	25.000
18659.910	21.000
18667.910	18.000
18675.910	17.000
18683.910	18.000
18691.910	16.000
18699.910	25.000
18707.911	16.000
18715.911	20.000
18723.911	26.000
18731.911	14.000
18739.911	22.000
18747.911	16.000
18755.912	13.000
18763.912	16.000
18771.912	23.000
18779.912	21.000
18787.912	21.000
18795.912	17.000
18803.913	20.000
18811.913	18.000
18819.913	19.000
18827.913	20.000
18835.913	13.000
18843.913	17.000
18851.914	14.000
18859.914	14.000
18867.914	25.000
18875.914	11.000
18883.914	17.000
18891.914	12.000
18899.915	18.000
18907.915	13.000
18915.915	23.000
18923.915	20.000
18931.915	12.000
18939.915	14.000
18947.916	16.000
18955.916	14.000
18963.916	13.000
18971.916	18.000
18979.916	12.000
18987.916	17.000
18995.917	17.000
19003.917	11.000
19011.917	17.000
19019.917	18.000
19027.917	9.000
19035.917	12.000
19043.918	12.000
19051.918	14.000
19059.918	20.000
19067.918	14.000
19075.918	17.000
19083.918	12.000
19091.919	11.000
19099.919	11.000
19107.919	13.000
19115.919	14.000
19123.919	9.000
19131.919	14.000
19139.920	14.000
19147.920	16.000
19155.920	17.000
19163.920	12.000
19171.920	10.000
19179.920	9.000
19187.921	16.000
19195.921	8.000
19203.921	14.000
19211.921	10.000
19219.921	13.000
19227.921	18.000
19235.922	16.000
19243.922	18.000
19251.922	14.000
19259.922	17.000
19267.922	16.000
19275.922	12.000
19283.923	15.000
19291.923	10.000
19299.923	7.000
19307.923	17.000
19315.923	9.000
19323.923	11.000
19331.924	8.000
19339.924	11.000
19347.924	19.000
19355.924	13.000
19363.924	17.000
19371.924	11.000
19379.925	18.000
19387.925	13.000
19395.925	11.000
19403.925	9.000
19411.925	12.000
19419.925	14.000
19427.926	14.000
19435.926	5.000
19443.926	10.000
19451.926	7.000
19459.926	11.000
19467.926	8.000
19475.927	12.000
19483.927	12.000
19491.927	6.000
19499.927	8.000
19507.927	6.000
19515.927	12.000
19523.928	9.000
19531.928	16.000
19539.928	8.000
19547.928	8.000
19555.928	7.000
19563.928	8.000
19571.929	10.000
19579.929	11.000
19587.929	7.000
19595.929	9.000
19603.929	14.000
19611.929	6.000
19619.930	11.000
19627.930	6.000
19635.930	14.000
19643.930	14.000
19651.930	11.000
19659.930	7.000
19667.931	6.000
19675.931	8.000
19683.931	11.000
19691.931	6.000
19699.931	13.000
19707.931	15.000
19715.932	13.000
19723.932	11.000
19731.932	5.000
19739.932	6.000
19747.932	9.000
19755.932	6.000
19763.933	8.000
19771.933	8.000
19779.933	8.000
19787.933	6.000
19795.933	11.000
19803.933	8.000
19811.934	3.000
19819.934	10.000
19827.934	11.000
19835.934	8.000
19843.934	10.000
19851.934	10.000
19859.935	9.000
19867.935	10.000
19875.935	15.000
19883.935	7.000
19891.935	13.000
19899.935	8.000
19907.936	9.000
19915.936	7.000
19923.936	9.000
19931.936	5.000
19939.936	7.000
19947.936	9.000
19955.937	4.000
19963.937	9.000
19971.937	4.000
19979.937	5.000
19987.937	8.000
19995.937	3.000
20003.938	4.000
20011.938	8.000
20019.938	4.000
20027.938	5.000
20035.938	10.000
20043.938	6.000
20051.939	8.000
20059.939	3.000
20067.939	9.000
20075.939	8.000
20083.939	7.000
20091.939	6.000
20099.940	8.000
20107.940	6.000
20115.940	4.000
20123.940	7.000
20131.940	11.000
20139.940	4.000
20147.941	8.000
20155.941	6.000
20163.941	7.000
20171.941	11.000
20179.941	6.000
20187.941	9.000
20195.942	7.000
20203.942	7.000
20211.942	4.000
20219.942	6.000
20227.942	3.000
20235.942	7.000
20243.943	5.000
20251.943	3.000
20259.943	5.000
20267.943	6.000
20275.943	6.000
20283.943	6.000
20291.944	3.000
20299.944	3.000
20307.944	3.000
20315.944	8.000
20323.944	6.000
20331.944	8.000
20339.945	7.000
20347.945	6.000
20355.945	4.000
20363.945	7.000
20371.945	3.000
20379.945	4.000
20387.946	6.000
20395.946	2.000
20403.946	2.000
20411.946	7.000
20419.946	4.000
20427.946	10.000
20435.947	1.000
20443.947	3.000
20451.947	4.000
20459.947	5.000
20467.947	1.000
20475.947	5.000
20483.948	5.000
20491.948	4.000
20499.948	2.000
20507.948	2.000
20515.948	3.000
20523.948	2.000
20531.949	7.000
20539.949	6.000
20547.949	5.000
20555.949	3.000
20563.949	2.000
20571.949	1.000
20579.950	4.000
20587.950	2.000
20595.950	1.000
20603.950	5.000
20611.950	2.000
20619.950	3.000
20627.951	11.000
20635.951	5.000
20643.951	4.000
20651.951	4.000
20659.951	4.000
20667.951	7.000
20675.952	3.000
20683.952	2.000
20691.952	5.000
20699.952	6.000
20707.952	5.000
20715.952	3.000
20723.953	4.000
20731.953	3.000
20739.953	4.000
20747.953	1.000
20755.953	2.000
20763.953	5.000
20771.954	10.000
20779.954	5.000
20787.954	2.000
20795.954	5.000
20803.954	6.000
20811.954	4.000
20819.955	4.000
20827.955	2.000
20835.955	8.000
20843.955	3.000
20851.955	5.000
20859.955	1.000
20867.956	4.000
20875.956	4.000
20883.956	3.000
20891.956	5.000
20899.956	5.000
20907.956	2.000
20915.957	5.000
20923.957	3.000
20931.957	4.000
20939.957	2.000
20947.957	2.000
20955.957	0.000
20963.958	1.000
20971.958	3.000
20979.958	3.000
20987.958	5.000
20995.958	4.000
21003.958	3.000
21011.959	4.000
21019.959	1.000
21027.959	1.000
21035.959	4.000
21043.959	8.000
21051.959	1.000
21059.960	5.000
21067.960	2.000
21075.960	1.000
21083.960	2.000
21091.960	3.000
21099.960	2.000
21107.961	1.000
21115.961	1.000
21123.961	1.000
21131.961	3.000
21139.961	3.000
21147.961	4.000
21155.962	4.000
21163.962	4.000
21171.962	2.000
21179.962	3.000
21187.962	0.000
21195.962	2.000
21203.963	2.000
21211.963	3.000
21219.963	2.000
21227.963	1.000
21235.963	2.000
21243.963	6.000
21251.964	3.000
21259.964	2.000
21267.964	5.000
21275.964	6.000
21283.964	0.000
21291.964	2.000
21299.965	7.000
21307.965	2.000
21315.965	6.000
21323.965	3.000
21331.965	5.000
21339.965	0.000
21347.966	4.000
21355.966	0.000
21363.966	4.000
21371.966	1.000
21379.966	4.000
21387.966	0.000
21395.967	4.000
21403.967	2.000
21411.967	2.000
21419.967	2.000
21427.967	0.000
21435.967	0.000
21443.968	2.000
21451.968	3.000
21459.968	2.000
21467.968	1.000
21475.968	2.000
21483.968	1.000
21491.969	1.000
21499.969	0.000
21507.969	6.000
21515.969	3.000
21523.969	3.000
21531.969	1.000
21539.970	0.000
21547.970	2.000
21555.970	1.000
21563.970	3.000
21571.970	1.000
21579.970	1.000
21587.971	0.000
21595.971	0.000
21603.971	2.000
21611.971	2.000
21619.971	2.000
21627.971	2.000
21635.972	1.000
21643.972	2.000
21651.972	1.000
21659.972	1.000
21667.972	4.000
21675.972	1.000
21683.973	4.000
21691.973	0.000
21699.973	1.000
21707.973	1.000
21715.973	2.000
21723.973	0.000
21731.974	2.000
21739.974	3.000
21747.974	2.000
21755.974	1.000
21763.974	2.000
21771.974	4.000
21779.975	1.000
21787.975	3.000
21795.975	0.000
21803.975	1.000
21811.975	1.000
21819.975	4.000
21827.976	4.000
21835.976	2.000
21843.976	0.000
21851.976	1.000
21859.976	0.000
21867.976	2.000
21875.977	0.000
21883.977	1.000
21891.977	0.000
21899.977	0.000
21907.977	1.000
21915.977	2.000
21923.978	3.000
21931.978	0.000
21939.978	4.000
21947.978	1.000
21955.978	1.000
21963.978	1.000
21971.979	0.000
21979.979	0.000
21987.979	1.000
21995.979	0.000
22003.979	0.000
22011.979	2.000
22019.980	0.000
22027.980	0.000
22035.980	0.000
22043.980	1.000
22051.980	1.000
22059.980	2.000
22067.981	2.000
22075.981	1.000
22083.981	1.000
22091.981	0.000
22099.981	1.000
22107.981	0.000
22115.982	2.000
22123.982	0.000
22131.982	2.000
22139.982	0.000
22147.982	2.000
22155.982	0.000
22163.983	1.000
22171.983	1.000
22179.983	2.000
22187.983	1.000
22195.983	0.000
22203.983	1.000
22211.984	0.000
22219.984	0.000
22227.984	0.000
22235.984	0.000
22243.984	2.000
22251.984	1.000
22259.985	2.000
22267.985	0.000
22275.985	0.000
22283.985	0.000
22291.985	1.000
22299.985	1.000
22307.986	0.000
22315.986	0.000
22323.986	0.000
22331.986	0.000
22339.986	0.000
22347.986	1.000
22355.987	2.000
22363.987	1.000
22371.987	1.000
22379.987	2.000
22387.987	0.000
22395.987	1.000
22403.988	1.000
22411.988	1.000
22419.988	1.000
22427.988	1.000
22435.988	0.000
22443.988	0.000
22451.989	2.000
22459.989	1.000
22467.989	0.000
22475.989	2.000
22483.989	0.000
22491.989	2.000
22499.990	3.000
22507.990	0.000
22515.990	0.000
22523.990	2.000
22531.990	0.000
22539.990	0.000
22547.991	0.000
22555.991	0.000
22563.991	1.000
22571.991	1.000
22579.991	0.000
22587.991	0.000
22595.992	1.000
22603.992	0.000
22611.992	0.000
22619.992	0.000
22627.992	0.000
22635.992	0.000
22643.993	1.000
22651.993	0.000
22659.993	1.000
22667.993	0.000
22675.993	2.000
22683.993	0.000
22691.994	0.000
22699.994	0.000
22707.994	0.000
22715.994	1.000
22723.994	2.000
22731.994	0.000
22739.995	0.000
22747.995	1.000
22755.995	0.000
22763.995	1.000
22771.995	0.000
22779.995	0.000
22787.996	0.000
22795.996	0.000
22803.996	0.000
22811.996	0.000
22819.996	0.000
22827.996	0.000
22835.997	1.000
22843.997	0.000
22851.997	0.000
22859.997	0.000
22867.997	2.000
22875.997	2.000
22883.998	0.000
22891.998	0.000
22899.998	0.000
22907.998	0.000
22915.998	2.000
22923.998	0.000
22931.999	0.000
22939.999	0.000
22947.999	0.000
22955.999	0.000
22963.999	0.000
22971.999	0.000
22980.000	0.000
22988.000	1.000
22996.000	0.000
