-996.500	2.000
-988.500	3.000
-980.500	2.000
-972.499	1.000
-964.499	5.000
-956.499	1.000
-948.499	2.000
-940.499	4.000
-932.499	3.000
-924.498	3.000
-916.498	5.000
-908.498	8.000
-900.498	7.000
-892.498	6.000
-884.498	4.000
-876.497	4.000
-868.497	8.000
-860.497	3.000
-852.497	5.000
-844.497	6.000
-836.497	7.000
-828.496	14.000
-820.496	9.000
-812.496	12.000
-804.496	10.000
-796.496	9.000
-788.496	5.000
-780.495	11.000
-772.495	11.000
-764.495	10.000
-756.495	12.000
-748.495	11.000
-740.495	20.000
-732.494	24.000
-724.494	20.000
-716.494	15.000
-708.494	15.000
-700.494	21.000
-692.494	23.000
-684.493	28.000
-676.493	36.000
-668.493	16.000
-660.493	29.000
-652.493	44.000
-644.493	31.000
-636.492	47.000
-628.492	28.000
-620.492	46.000
-612.492	40.000
-604.492	47.000
-596.492	57.000
-588.491	56.000
-580.491	43.000
-572.491	70.000
-564.491	76.000
-556.491	69.000
-548.491	73.000
-540.490	86.000
-532.490	96.000
-524.490	80.000
-516.490	112.000
-508.490	101.000
-500.490	113.000
-492.489	125.000
-484.489	147.000
-476.489	154.000
-468.489	161.000
-460.489	173.000
-452.489	175.000
-444.488	210.000
-436.488	207.000
-428.488	210.000
-420.488	226.000
-412.488	250.000
-404.488	268.000
-396.487	283.000
-388.487	303.000
-380.487	287.000
-372.487	360.000
-364.487	318.000
-356.487	352.000
-348.486	375.000
-340.486	418.000
-332.486	420.000
-324.486	455.000
-316.486	450.000
-308.486	449.000
-300.485	467.000
-292.485	489.000
-284.485	519.000
-276.485	565.000
-268.485	544.000
-260.485	559.000
-252.484	592.000
-244.484	633.000
-236.484	594.000
-228.484	650.000
-220.484	714.000
-212.484	660.000
-204.483	673.000
-196.483	695.000
-188.483	676.000
-180.483	742.000
-172.483	665.000
-164.483	728.000
-156.482	763.000
-148.482	777.000
-140.482	713.000
-132.482	791.000
-124.482	709.000
-116.482	719.000
-108.481	805.000
-100.481	751.000
-92.481	690.000
-84.481	742.000
-76.481	719.000
-68.481	697.000
-60.480	705.000
-52.480	690.000
-44.480	651.000
-36.480	615.000
-28.480	655.000
-20.480	624.000
-12.479	604.000
-4.479	630.000
3.521	599.000
11.521	569.000
19.521	554.000
27.521	563.000
35.522	566.000
43.522	518.000
51.522	512.000
59.522	483.000
67.522	521.000
75.522	530.000
83.523	499.000
91.523	481.000
99.523	484.000
107.523	493.000
115.523	473.000
123.523	455.000
131.524	443.000
139.524	443.000
147.524	458.000
155.524	471.000
163.524	457.000
171.524	419.000
179.525	460.000
187.525	457.000
195.525	430.000
203.525	437.000
211.525	451.000
219.525	458.000
227.526	456.000
235.526	464.000
243.526	476.000
251.526	478.000
259.526	501.000
267.526	460.000
275.527	503.000
283.527	455.000
291.527	476.000
299.527	541.000
307.527	528.000
315.527	563.000
323.528	577.000
331.528	593.000
339.528	618.000
347.528	626.000
355.528	637.000
363.528	611.000
371.529	644.000
379.529	703.000
387.529	695.000
395.529	758.000
403.529	770.000
411.529	763.000
419.530	787.000
427.530	764.000
435.530	813.000
443.530	807.000
451.530	845.000
459.530	921.000
467.531	932.000
475.531	1024.000
483.531	1007.000
491.531	996.000
499.531	1051.000
507.531	1030.000
515.532	1059.000
523.532	1043.000
531.532	1119.000
539.532	1150.000
547.532	1221.000
555.532	1224.000
563.533	1218.000
571.533	1338.000
579.533	1261.000
587.533	1358.000
595.533	1420.000
603.533	1402.000
611.534	1402.000
619.534	1387.000
627.534	1472.000
635.534	1461.000
643.534	1505.000
651.534	1574.000
659.535	1512.000
667.535	1484.000
675.535	1611.000
683.535	1634.000
691.535	1641.000
699.535	1638.000
707.536	1665.000
715.536	1599.000
723.536	1663.000
731.536	1666.000
739.536	1732.000
747.536	1645.000
755.537	1669.000
763.537	1724.000
771.537	1720.000
779.537	1682.000
787.537	1650.000
795.537	1669.000
803.538	1716.000
811.538	1597.000
819.538	1567.000
827.538	1618.000
835.538	1583.000
843.538	1546.000
851.539	1520.000
859.539	1524.000
867.539	1508.000
875.539	1459.000
883.539	1460.000
891.539	1492.000
899.540	1417.000
907.540	1335.000
915.540	1362.000
923.540	1343.000
931.540	1344.000
939.540	1315.000
947.541	1305.000
955.541	1216.000
963.541	1372.000
971.541	1265.000
979.541	1198.000
987.541	1231.000
995.542	1278.000
1003.542	1214.000
1011.542	1149.000
1019.542	1150.000
1027.542	1192.000
1035.542	1141.000
1043.543	1146.000
1051.543	1072.000
1059.543	1106.000
1067.543	1056.000
1075.543	1044.000
1083.543	1127.000
1091.544	1110.000
1099.544	1066.000
1107.544	1056.000
1115.544	1069.000
1123.544	1125.000
1131.544	1066.000
1139.545	1111.000
1147.545	1048.000
1155.545	1155.000
1163.545	1112.000
1171.545	1156.000
1179.545	1148.000
1187.546	1144.000
1195.546	1281.000
1203.546	1201.000
1211.546	1136.000
1219.546	1266.000
1227.546	1209.000
1235.547	1227.000
1243.547	1207.000
1251.547	1288.000
1259.547	1293.000
1267.547	1254.000
1275.547	1266.000
1283.548	1318.000
1291.548	1370.000
1299.548	1443.000
1307.548	1376.000
1315.548	1375.000
1323.548	1420.000
1331.549	1484.000
1339.549	1459.000
1347.549	1489.000
1355.549	1560.000
1363.549	1533.000
1371.549	1644.000
1379.550	1543.000
1387.550	1764.000
1395.550	1675.000
1403.550	1694.000
1411.550	1670.000
1419.550	1689.000
1427.551	1784.000
1435.551	1780.000
1443.551	1833.000
1451.551	1823.000
1459.551	1864.000
1467.551	1929.000
1475.552	1904.000
1483.552	1983.000
1491.552	1924.000
1499.552	1975.000
1507.552	2051.000
1515.552	2046.000
1523.553	1987.000
1531.553	2071.000
1539.553	2146.000
1547.553	2174.000
1555.553	2085.000
1563.553	2182.000
1571.554	2149.000
1579.554	2140.000
1587.554	2258.000
1595.554	2181.000
1603.554	2173.000
1611.554	2199.000
1619.555	2077.000
1627.555	2237.000
1635.555	2135.000
1643.555	2198.000
1651.555	2127.000
1659.555	2277.000
1667.556	2174.000
1675.556	2129.000
1683.556	2084.000
1691.556	2157.000
1699.556	2084.000
1707.556	2172.000
1715.557	2055.000
1723.557	2032.000
1731.557	2096.000
1739.557	2119.000
1747.557	2021.000
1755.557	1932.000
1763.558	1896.000
1771.558	1901.000
1779.558	1955.000
1787.558	1898.000
1795.558	1912.000
1803.558	1852.000
1811.559	1805.000
1819.559	1768.000
1827.559	1800.000
1835.559	1693.000
1843.559	1708.000
1851.559	1722.000
1859.560	1636.000
1867.560	1596.000
1875.560	1617.000
1883.560	1642.000
1891.560	1638.000
1899.560	1591.000
1907.561	1525.000
1915.561	1522.000
1923.561	1474.000
1931.561	1509.000
1939.561	1503.000
1947.561	1534.000
1955.562	1345.000
1963.562	1539.000
1971.562	1467.000
1979.562	1403.000
1987.562	1448.000
1995.562	1427.000
2003.563	1448.000
2011.563	1446.000
2019.563	1468.000
2027.563	1381.000
2035.563	1459.000
2043.563	1430.000
2051.564	1479.000
2059.564	1495.000
2067.564	1462.000
2075.564	1482.000
2083.564	1443.000
2091.564	1484.000
2099.565	1502.000
2107.565	1430.000
2115.565	1524.000
2123.565	1552.000
2131.565	1546.000
2139.565	1557.000
2147.566	1526.000
2155.566	1497.000
2163.566	1589.000
2171.566	1550.000
2179.566	1568.000
2187.566	1610.000
2195.567	1593.000
2203.567	1651.000
2211.567	1578.000
2219.567	1673.000
2227.567	1668.000
2235.567	1684.000
2243.568	1704.000
2251.568	1676.000
2259.568	1740.000
2267.568	1694.000
2275.568	1712.000
2283.568	1787.000
2291.569	1796.000
2299.569	1794.000
2307.569	1912.000
2315.569	1830.000
2323.569	1988.000
2331.569	1938.000
2339.570	1971.000
2347.570	1919.000
2355.570	1930.000
2363.570	1980.000
2371.570	1987.000
2379.570	2009.000
2387.571	2026.000
2395.571	2032.000
2403.571	2015.000
2411.571	2100.000
2419.571	2085.000
2427.571	2066.000
2435.572	1998.000
2443.572	2067.000
2451.572	2130.000
2459.572	2039.000
2467.572	2049.000
2475.572	2096.000
2483.573	2097.000
2491.573	2146.000
2499.573	2113.000
2507.573	2090.000
2515.573	2135.000
2523.573	2066.000
2531.574	2104.000
2539.574	2127.000
2547.574	2033.000
2555.574	2058.000
2563.574	1997.000
2571.574	2092.000
2579.575	1990.000
2587.575	1982.000
2595.575	1950.000
2603.575	1951.000
2611.575	1977.000
2619.575	2006.000
2627.576	1964.000
2635.576	1905.000
2643.576	1908.000
2651.576	1840.000
2659.576	1869.000
2667.576	1775.000
2675.577	1729.000
2683.577	1808.000
2691.577	1776.000
2699.577	1775.000
2707.577	1696.000
2715.577	1670.000
2723.578	1680.000
2731.578	1600.000
2739.578	1626.000
2747.578	1568.000
2755.578	1564.000
2763.578	1508.000
2771.579	1553.000
2779.579	1508.000
2787.579	1502.000
2795.579	1490.000
2803.579	1443.000
2811.579	1417.000
2819.580	1395.000
2827.580	1451.000
2835.580	1441.000
2843.580	1416.000
2851.580	1389.000
2859.580	1399.000
2867.581	1391.000
2875.581	1350.000
2883.581	1403.000
2891.581	1330.000
2899.581	1446.000
2907.581	1372.000
2915.582	1320.000
2923.582	1336.000
2931.582	1388.000
2939.582	1329.000
2947.582	1279.000
2955.582	1357.000
2963.583	1355.000
2971.583	1393.000
2979.583	1398.000
2987.583	1325.000
2995.583	1376.000
3003.583	1385.000
3011.584	1295.000
3019.584	1408.000
3027.584	1397.000
3035.584	1363.000
3043.584	1329.000
3051.584	1322.000
3059.585	1483.000
3067.585	1464.000
3075.585	1409.000
3083.585	1494.000
3091.585	1478.000
3099.585	1418.000
3107.586	1466.000
3115.586	1477.000
3123.586	1522.000
3131.586	1513.000
3139.586	1487.000
3147.586	1449.000
3155.587	1490.000
3163.587	1568.000
3171.587	1588.000
3179.587	1494.000
3187.587	1496.000
3195.587	1540.000
3203.588	1611.000
3211.588	1520.000
3219.588	1607.000
3227.588	1663.000
3235.588	1503.000
3243.588	1620.000
3251.589	1650.000
3259.589	1664.000
3267.589	1595.000
3275.589	1656.000
3283.589	1630.000
3291.589	1695.000
3299.590	1566.000
3307.590	1696.000
3315.590	1682.000
3323.590	1644.000
3331.590	1685.000
3339.590	1726.000
3347.591	1682.000
3355.591	1704.000
3363.591	1685.000
3371.591	1663.000
3379.591	1778.000
3387.591	1713.000
3395.592	1743.000
3403.592	1689.000
3411.592	1724.000
3419.592	1657.000
3427.592	1667.000
3435.592	1677.000
3443.593	1685.000
3451.593	1681.000
3459.593	1667.000
3467.593	1656.000
3475.593	1644.000
3483.593	1677.000
3491.594	1561.000
3499.594	1525.000
3507.594	1517.000
3515.594	1567.000
3523.594	1507.000
3531.594	1540.000
3539.595	1515.000
3547.595	1467.000
3555.595	1510.000
3563.595	1374.000
3571.595	1492.000
3579.595	1442.000
3587.596	1404.000
3595.596	1389.000
3603.596	1439.000
3611.596	1363.000
3619.596	1365.000
3627.596	1354.000
3635.597	1262.000
3643.597	1322.000
3651.597	1233.000
3659.597	1320.000
3667.597	1166.000
3675.597	1211.000
3683.598	1217.000
3691.598	1184.000
3699.598	1157.000
3707.598	1145.000
3715.598	1059.000
3723.598	1179.000
3731.599	1108.000
3739.599	1127.000
3747.599	1147.000
3755.599	1094.000
3763.599	1106.000
3771.599	1191.000
3779.600	1121.000
3787.600	1054.000
3795.600	1058.000
3803.600	1081.000
3811.600	1088.000
3819.600	1093.000
3827.601	1061.000
3835.601	1054.000
3843.601	1120.000
3851.601	1034.000
3859.601	1078.000
3867.601	1054.000
3875.602	1044.000
3883.602	1119.000
3891.602	1133.000
3899.602	1071.000
3907.602	1037.000
3915.602	1113.000
3923.603	1101.000
3931.603	1072.000
3939.603	1113.000
3947.603	1051.000
3955.603	1101.000
3963.603	1104.000
3971.604	1054.000
3979.604	1088.000
3987.604	1041.000
3995.604	1120.000
4003.604	1126.000
4011.604	1139.000
4019.605	1168.000
4027.605	1118.000
4035.605	1139.000
4043.605	1129.000
4051.605	1189.000
4059.605	1204.000
4067.606	1125.000
4075.606	1158.000
4083.606	1198.000
4091.606	1181.000
4099.606	1248.000
4107.606	1218.000
4115.607	1236.000
4123.607	1200.000
4131.607	1256.000
4139.607	1270.000
4147.607	1279.000
4155.607	1265.000
4163.608	1267.000
4171.608	1278.000
4179.608	1249.000
4187.608	1290.000
4195.608	1243.000
4203.608	1241.000
4211.609	1319.000
4219.609	1266.000
4227.609	1354.000
4235.609	1291.000
4243.609	1313.000
4251.609	1326.000
4259.610	1267.000
4267.610	1352.000
4275.610	1315.000
4283.610	1351.000
4291.610	1359.000
4299.610	1296.000
4307.611	1365.000
4315.611	1285.000
4323.611	1328.000
4331.611	1266.000
4339.611	1306.000
4347.611	1288.000
4355.612	1322.000
4363.612	1279.000
4371.612	1240.000
4379.612	1264.000
4387.612	1211.000
4395.612	1236.000
4403.613	1232.000
4411.613	1198.000
4419.613	1221.000
4427.613	1213.000
4435.613	1195.000
4443.613	1194.000
4451.614	1138.000
4459.614	1170.000
4467.614	1147.000
4475.614	1134.000
4483.614	1114.000
4491.614	1040.000
4499.615	1037.000
4507.615	1032.000
4515.615	1068.000
4523.615	964.000
4531.615	1051.000
4539.615	1006.000
4547.616	1007.000
4555.616	1009.000
4563.616	982.000
4571.616	932.000
4579.616	951.000
4587.616	959.000
4595.617	899.000
4603.617	959.000
4611.617	884.000
4619.617	879.000
4627.617	896.000
4635.617	887.000
4643.618	888.000
4651.618	860.000
4659.618	826.000
4667.618	866.000
4675.618	881.000
4683.618	839.000
4691.619	823.000
4699.619	813.000
4707.619	816.000
4715.619	852.000
4723.619	867.000
4731.619	813.000
4739.620	808.000
4747.620	848.000
4755.620	837.000
4763.620	849.000
4771.620	852.000
4779.620	791.000
4787.621	866.000
4795.621	798.000
4803.621	836.000
4811.621	851.000
4819.621	909.000
4827.621	867.000
4835.622	921.000
4843.622	883.000
4851.622	847.000
4859.622	879.000
4867.622	875.000
4875.622	869.000
4883.623	865.000
4891.623	888.000
4899.623	945.000
4907.623	929.000
4915.623	931.000
4923.623	917.000
4931.624	954.000
4939.624	909.000
4947.624	904.000
4955.624	922.000
4963.624	997.000
4971.624	956.000
4979.625	943.000
4987.625	972.000
4995.625	987.000
5003.625	969.000
5011.625	961.000
5019.625	953.000
5027.626	988.000
5035.626	979.000
5043.626	1016.000
5051.626	1065.000
5059.626	958.000
5067.626	1000.000
5075.627	1008.000
5083.627	1033.000
5091.627	1098.000
5099.627	1008.000
5107.627	1078.000
5115.627	1056.000
5123.628	1061.000
5131.628	1093.000
5139.628	1049.000
5147.628	1107.000
5155.628	1123.000
5163.628	1163.000
5171.629	1110.000
5179.629	1128.000
5187.629	1184.000
5195.629	1104.000
5203.629	1060.000
5211.629	1154.000
5219.630	1059.000
5227.630	1091.000
5235.630	1116.000
5243.630	1134.000
5251.630	1083.000
5259.630	1100.000
5267.631	1076.000
5275.631	1069.000
5283.631	1032.000
5291.631	1040.000
5299.631	1100.000
5307.631	1032.000
5315.632	977.000
5323.632	1023.000
5331.632	1019.000
5339.632	1033.000
5347.632	1019.000
5355.632	984.000
5363.633	1018.000
5371.633	957.000
5379.633	948.000
5387.633	954.000
5395.633	883.000
5403.633	872.000
5411.634	947.000
5419.634	876.000
5427.634	859.000
5435.634	838.000
5443.634	887.000
5451.634	847.000
5459.635	835.000
5467.635	866.000
5475.635	806.000
5483.635	770.000
5491.635	834.000
5499.635	757.000
5507.636	819.000
5515.636	831.000
5523.636	757.000
5531.636	755.000
5539.636	778.000
5547.636	728.000
5555.637	751.000
5563.637	732.000
5571.637	715.000
5579.637	755.000
5587.637	710.000
5595.637	727.000
5603.638	728.000
5611.638	701.000
5619.638	757.000
5627.638	710.000
5635.638	718.000
5643.638	694.000
5651.639	711.000
5659.639	704.000
5667.639	708.000
5675.639	702.000
5683.639	713.000
5691.639	705.000
5699.640	709.000
5707.640	776.000
5715.640	682.000
5723.640	707.000
5731.640	723.000
5739.640	754.000
5747.641	702.000
5755.641	732.000
5763.641	784.000
5771.641	739.000
5779.641	726.000
5787.641	786.000
5795.642	746.000
5803.642	762.000
5811.642	738.000
5819.642	770.000
5827.642	790.000
5835.642	758.000
5843.643	821.000
5851.643	806.000
5859.643	800.000
5867.643	828.000
5875.643	838.000
5883.643	848.000
5891.644	904.000
5899.644	832.000
5907.644	874.000
5915.644	874.000
5923.644	905.000
5931.644	894.000
5939.645	899.000
5947.645	916.000
5955.645	897.000
5963.645	964.000
5971.645	941.000
5979.645	969.000
5987.646	933.000
5995.646	937.000
6003.646	966.000
6011.646	959.000
6019.646	910.000
6027.646	982.000
6035.647	981.000
6043.647	1016.000
6051.647	982.000
6059.647	1023.000
6067.647	1004.000
6075.647	968.000
6083.648	1012.000
6091.648	1086.000
6099.648	1106.000
6107.648	1072.000
6115.648	989.000
6123.648	999.000
6131.649	998.000
6139.649	1021.000
6147.649	989.000
6155.649	991.000
6163.649	1017.000
6171.649	1051.000
6179.650	1040.000
6187.650	983.000
6195.650	1005.000
6203.650	990.000
6211.650	1032.000
6219.650	950.000
6227.651	955.000
6235.651	1008.000
6243.651	958.000
6251.651	907.000
6259.651	923.000
6267.651	949.000
6275.652	879.000
6283.652	914.000
6291.652	883.000
6299.652	883.000
6307.652	825.000
6315.652	823.000
6323.653	832.000
6331.653	822.000
6339.653	804.000
6347.653	791.000
6355.653	787.000
6363.653	751.000
6371.654	768.000
6379.654	764.000
6387.654	735.000
6395.654	761.000
6403.654	721.000
6411.654	798.000
6419.655	724.000
6427.655	724.000
6435.655	746.000
6443.655	662.000
6451.655	692.000
6459.655	701.000
6467.656	668.000
6475.656	673.000
6483.656	722.000
6491.656	719.000
6499.656	684.000
6507.656	670.000
6515.657	646.000
6523.657	711.000
6531.657	696.000
6539.657	661.000
6547.657	661.000
6555.657	660.000
6563.658	721.000
6571.658	655.000
6579.658	708.000
6587.658	705.000
6595.658	663.000
6603.658	667.000
6611.659	726.000
6619.659	728.000
6627.659	736.000
6635.659	651.000
6643.659	723.000
6651.659	739.000
6659.660	690.000
6667.660	716.000
6675.660	756.000
6683.660	732.000
6691.660	715.000
6699.660	740.000
6707.661	762.000
6715.661	788.000
6723.661	719.000
6731.661	782.000
6739.661	761.000
6747.661	777.000
6755.662	758.000
6763.662	797.000
6771.662	811.000
6779.662	803.000
6787.662	792.000
6795.662	874.000
6803.663	878.000
6811.663	781.000
6819.663	849.000
6827.663	882.000
6835.663	853.000
6843.663	884.000
6851.664	822.000
6859.664	906.000
6867.664	885.000
6875.664	956.000
6883.664	986.000
6891.664	897.000
6899.665	925.000
6907.665	928.000
6915.665	982.000
6923.665	1001.000
6931.665	966.000
6939.665	954.000
6947.666	974.000
6955.666	980.000
6963.666	1021.000
6971.666	952.000
6979.666	1009.000
6987.666	989.000
6995.667	1015.000
7003.667	1080.000
7011.667	1049.000
7019.667	1036.000
7027.667	1056.000
7035.667	1001.000
7043.668	1081.000
7051.668	1042.000
7059.668	997.000
7067.668	999.000
7075.668	974.000
7083.668	991.000
7091.669	980.000
7099.669	996.000
7107.669	953.000
7115.669	973.000
7123.669	996.000
7131.669	957.000
7139.670	933.000
7147.670	928.000
7155.670	907.000
7163.670	949.000
7171.670	890.000
7179.670	869.000
7187.671	908.000
7195.671	875.000
7203.671	881.000
7211.671	905.000
7219.671	838.000
7227.671	847.000
7235.672	803.000
7243.672	857.000
7251.672	783.000
7259.672	807.000
7267.672	803.000
7275.672	798.000
7283.673	754.000
7291.673	739.000
7299.673	758.000
7307.673	732.000
7315.673	670.000
7323.673	710.000
7331.674	729.000
7339.674	699.000
7347.674	701.000
7355.674	688.000
7363.674	662.000
7371.674	719.000
7379.675	679.000
7387.675	669.000
7395.675	645.000
7403.675	722.000
7411.675	646.000
7419.675	660.000
7427.676	671.000
7435.676	657.000
7443.676	674.000
7451.676	624.000
7459.676	672.000
7467.676	697.000
7475.677	641.000
7483.677	635.000
7491.677	626.000
7499.677	634.000
7507.677	715.000
7515.677	683.000
7523.678	672.000
7531.678	633.000
7539.678	672.000
7547.678	684.000
7555.678	664.000
7563.678	702.000
7571.679	673.000
7579.679	697.000
7587.679	714.000
7595.679	728.000
7603.679	741.000
7611.679	696.000
7619.680	758.000
7627.680	742.000
7635.680	731.000
7643.680	744.000
7651.680	740.000
7659.680	756.000
7667.681	772.000
7675.681	751.000
7683.681	801.000
7691.681	810.000
7699.681	778.000
7707.681	829.000
7715.682	872.000
7723.682	853.000
7731.682	851.000
7739.682	836.000
7747.682	825.000
7755.682	825.000
7763.683	899.000
7771.683	878.000
7779.683	908.000
7787.683	951.000
7795.683	870.000
7803.683	942.000
7811.684	930.000
7819.684	907.000
7827.684	862.000
7835.684	976.000
7843.684	934.000
7851.684	978.000
7859.685	954.000
7867.685	943.000
7875.685	917.000
7883.685	1017.000
7891.685	990.000
7899.685	960.000
7907.686	975.000
7915.686	1057.000
7923.686	975.000
7931.686	954.000
7939.686	995.000
7947.686	1003.000
7955.687	990.000
7963.687	929.000
7971.687	966.000
7979.687	1006.000
7987.687	967.000
7995.687	971.000
8003.688	930.000
8011.688	965.000
8019.688	929.000
8027.688	964.000
8035.688	907.000
8043.688	956.000
8051.689	937.000
8059.689	952.000
8067.689	895.000
8075.689	858.000
8083.689	871.000
8091.689	915.000
8099.690	867.000
8107.690	906.000
8115.690	863.000
8123.690	875.000
8131.690	800.000
8139.690	818.000
8147.691	787.000
8155.691	764.000
8163.691	786.000
8171.691	829.000
8179.691	748.000
8187.691	743.000
8195.692	734.000
8203.692	740.000
8211.692	717.000
8219.692	727.000
8227.692	729.000
8235.692	655.000
8243.693	713.000
8251.693	709.000
8259.693	695.000
8267.693	646.000
8275.693	653.000
8283.693	665.000
8291.694	680.000
8299.694	638.000
8307.694	626.000
8315.694	629.000
8323.694	632.000
8331.694	636.000
8339.695	644.000
8347.695	658.000
8355.695	627.000
8363.695	654.000
8371.695	679.000
8379.695	621.000
8387.696	638.000
8395.696	681.000
8403.696	675.000
8411.696	698.000
8419.696	610.000
8427.696	623.000
8435.697	615.000
8443.697	657.000
8451.697	731.000
8459.697	700.000
8467.697	654.000
8475.697	689.000
8483.698	709.000
8491.698	660.000
8499.698	665.000
8507.698	666.000
8515.698	659.000
8523.698	728.000
8531.699	721.000
8539.699	706.000
8547.699	672.000
8555.699	660.000
8563.699	729.000
8571.699	708.000
8579.700	703.000
8587.700	764.000
8595.700	709.000
8603.700	746.000
8611.700	758.000
8619.700	744.000
8627.701	788.000
8635.701	733.000
8643.701	759.000
8651.701	802.000
8659.701	748.000
8667.701	784.000
8675.702	748.000
8683.702	804.000
8691.702	810.000
8699.702	836.000
8707.702	793.000
8715.702	803.000
8723.703	804.000
8731.703	840.000
8739.703	837.000
8747.703	843.000
8755.703	861.000
8763.703	846.000
8771.704	916.000
8779.704	969.000
8787.704	957.000
8795.704	907.000
8803.704	843.000
8811.704	946.000
8819.705	923.000
8827.705	925.000
8835.705	928.000
8843.705	921.000
8851.705	897.000
8859.705	918.000
8867.706	940.000
8875.706	934.000
8883.706	903.000
8891.706	860.000
8899.706	899.000
8907.706	927.000
8915.707	871.000
8923.707	920.000
8931.707	902.000
8939.707	878.000
8947.707	865.000
8955.707	824.000
8963.708	874.000
8971.708	846.000
8979.708	871.000
8987.708	801.000
8995.708	817.000
9003.708	795.000
9011.709	831.000
9019.709	803.000
9027.709	812.000
9035.709	729.000
9043.709	728.000
9051.709	764.000
9059.710	771.000
9067.710	788.000
9075.710	741.000
9083.710	679.000
9091.710	719.000
9099.710	691.000
9107.711	721.000
9115.711	691.000
9123.711	756.000
9131.711	635.000
9139.711	636.000
9147.711	688.000
9155.712	691.000
9163.712	586.000
9171.712	674.000
9179.712	669.000
9187.712	636.000
9195.712	637.000
9203.713	628.000
9211.713	633.000
9219.713	629.000
9227.713	608.000
9235.713	626.000
9243.713	583.000
9251.714	652.000
9259.714	615.000
9267.714	556.000
9275.714	601.000
9283.714	591.000
9291.714	628.000
9299.715	626.000
9307.715	601.000
9315.715	652.000
9323.715	604.000
9331.715	608.000
9339.715	614.000
9347.716	614.000
9355.716	606.000
9363.716	584.000
9371.716	597.000
9379.716	612.000
9387.716	643.000
9395.717	591.000
9403.717	563.000
9411.717	660.000
9419.717	595.000
9427.717	650.000
9435.717	602.000
9443.718	646.000
9451.718	596.000
9459.718	584.000
9467.718	642.000
9475.718	660.000
9483.718	627.000
9491.719	656.000
9499.719	654.000
9507.719	626.000
9515.719	681.000
9523.719	635.000
9531.719	643.000
9539.720	671.000
9547.720	665.000
9555.720	653.000
9563.720	715.000
9571.720	703.000
9579.720	664.000
9587.721	742.000
9595.721	711.000
9603.721	676.000
9611.721	745.000
9619.721	712.000
9627.721	731.000
9635.722	753.000
9643.722	721.000
9651.722	739.000
9659.722	752.000
9667.722	701.000
9675.722	733.000
9683.723	761.000
9691.723	724.000
9699.723	764.000
9707.723	784.000
9715.723	798.000
9723.723	791.000
9731.724	773.000
9739.724	811.000
9747.724	777.000
9755.724	814.000
9763.724	832.000
9771.724	805.000
9779.725	769.000
9787.725	829.000
9795.725	780.000
9803.725	848.000
9811.725	780.000
9819.725	816.000
9827.726	742.000
9835.726	823.000
9843.726	761.000
9851.726	788.000
9859.726	798.000
9867.726	804.000
9875.727	711.000
9883.727	806.000
9891.727	721.000
9899.727	732.000
9907.727	763.000
9915.727	736.000
9923.728	727.000
9931.728	690.000
9939.728	733.000
9947.728	687.000
9955.728	673.000
9963.728	677.000
9971.729	689.000
9979.729	652.000
9987.729	646.000
9995.729	650.000
10003.729	609.000
10011.729	599.000
10019.730	611.000
10027.730	616.000
10035.730	653.000
10043.730	619.000
10051.730	624.000
10059.730	611.000
10067.731	583.000
10075.731	556.000
10083.731	568.000
10091.731	609.000
10099.731	577.000
10107.731	563.000
10115.732	593.000
10123.732	556.000
10131.732	543.000
10139.732	502.000
10147.732	545.000
10155.732	537.000
10163.733	558.000
10171.733	559.000
10179.733	530.000
10187.733	542.000
10195.733	509.000
10203.733	559.000
10211.734	570.000
10219.734	468.000
10227.734	524.000
10235.734	534.000
10243.734	522.000
10251.734	547.000
10259.735	529.000
10267.735	531.000
10275.735	544.000
10283.735	528.000
10291.735	563.000
10299.735	554.000
10307.736	494.000
10315.736	552.000
10323.736	528.000
10331.736	543.000
10339.736	491.000
10347.736	534.000
10355.737	549.000
10363.737	535.000
10371.737	527.000
10379.737	540.000
10387.737	538.000
10395.737	565.000
10403.738	520.000
10411.738	576.000
10419.738	560.000
10427.738	515.000
10435.738	570.000
10443.738	584.000
10451.739	581.000
10459.739	570.000
10467.739	567.000
10475.739	508.000
10483.739	577.000
10491.739	543.000
10499.740	629.000
10507.740	597.000
10515.740	629.000
10523.740	587.000
10531.740	624.000
10539.740	579.000
10547.741	563.000
10555.741	598.000
10563.741	661.000
10571.741	650.000
10579.741	600.000
10587.741	625.000
10595.742	630.000
10603.742	615.000
10611.742	617.000
10619.742	652.000
10627.742	681.000
10635.742	669.000
10643.743	680.000
10651.743	643.000
10659.743	648.000
10667.743	655.000
10675.743	681.000
10683.743	675.000
10691.744	695.000
10699.744	685.000
10707.744	617.000
10715.744	644.000
10723.744	615.000
10731.744	700.000
10739.745	666.000
10747.745	697.000
10755.745	630.000
10763.745	651.000
10771.745	635.000
10779.745	618.000
10787.746	665.000
10795.746	603.000
10803.746	649.000
10811.746	582.000
10819.746	635.000
10827.746	623.000
10835.747	616.000
10843.747	559.000
10851.747	602.000
10859.747	619.000
10867.747	624.000
10875.747	586.000
10883.748	519.000
10891.748	528.000
10899.748	583.000
10907.748	597.000
10915.748	526.000
10923.748	573.000
10931.749	515.000
10939.749	523.000
10947.749	479.000
10955.749	538.000
10963.749	500.000
10971.749	522.000
10979.750	495.000
10987.750	512.000
10995.750	500.000
11003.750	454.000
11011.750	491.000
11019.750	458.000
11027.751	486.000
11035.751	481.000
11043.751	437.000
11051.751	456.000
11059.751	450.000
11067.751	448.000
11075.752	461.000
11083.752	479.000
11091.752	442.000
11099.752	462.000
11107.752	438.000
11115.752	431.000
11123.753	423.000
11131.753	444.000
11139.753	462.000
11147.753	435.000
11155.753	458.000
11163.753	432.000
11171.754	426.000
11179.754	429.000
11187.754	387.000
11195.754	419.000
11203.754	417.000
11211.754	474.000
11219.755	456.000
11227.755	406.000
11235.755	445.000
11243.755	451.000
11251.755	424.000
11259.755	426.000
11267.756	452.000
11275.756	433.000
11283.756	446.000
11291.756	419.000
11299.756	443.000
11307.756	430.000
11315.757	460.000
11323.757	457.000
11331.757	434.000
11339.757	448.000
11347.757	469.000
11355.757	461.000
11363.758	448.000
11371.758	491.000
11379.758	455.000
11387.758	432.000
11395.758	494.000
11403.758	470.000
11411.759	466.000
11419.759	459.000
11427.759	480.000
11435.759	469.000
11443.759	472.000
11451.759	465.000
11459.760	480.000
11467.760	491.000
11475.760	463.000
11483.760	488.000
11491.760	517.000
11499.760	509.000
11507.761	491.000
11515.761	525.000
11523.761	508.000
11531.761	543.000
11539.761	542.000
11547.761	519.000
11555.762	475.000
11563.762	482.000
11571.762	490.000
11579.762	551.000
11587.762	494.000
11595.762	454.000
11603.763	526.000
11611.763	513.000
11619.763	504.000
11627.763	535.000
11635.763	509.000
11643.763	512.000
11651.764	512.000
11659.764	524.000
11667.764	497.000
11675.764	484.000
11683.764	516.000
11691.764	489.000
11699.765	497.000
11707.765	515.000
11715.765	539.000
11723.765	485.000
11731.765	409.000
11739.765	468.000
11747.766	465.000
11755.766	473.000
11763.766	488.000
11771.766	454.000
11779.766	448.000
11787.766	444.000
11795.767	436.000
11803.767	434.000
11811.767	439.000
11819.767	457.000
11827.767	430.000
11835.767	428.000
11843.768	404.000
11851.768	385.000
11859.768	381.000
11867.768	399.000
11875.768	377.000
11883.768	403.000
11891.769	409.000
11899.769	391.000
11907.769	369.000
11915.769	382.000
11923.769	433.000
11931.769	375.000
11939.770	365.000
11947.770	349.000
11955.770	363.000
11963.770	367.000
11971.770	357.000
11979.770	354.000
11987.771	360.000
11995.771	351.000
12003.771	346.000
12011.771	351.000
12019.771	349.000
12027.771	348.000
12035.772	330.000
12043.772	371.000
12051.772	348.000
12059.772	343.000
12067.772	337.000
12075.772	344.000
12083.773	319.000
12091.773	319.000
12099.773	322.000
12107.773	317.000
12115.773	335.000
12123.773	357.000
12131.774	323.000
12139.774	325.000
12147.774	313.000
12155.774	344.000
12163.774	345.000
12171.774	324.000
12179.775	330.000
12187.775	336.000
12195.775	328.000
12203.775	345.000
12211.775	344.000
12219.775	337.000
12227.776	351.000
12235.776	363.000
12243.776	329.000
12251.776	355.000
12259.776	331.000
12267.776	364.000
12275.777	338.000
12283.777	354.000
12291.777	351.000
12299.777	358.000
12307.777	366.000
12315.777	342.000
12323.778	359.000
12331.778	340.000
12339.778	331.000
12347.778	329.000
12355.778	360.000
12363.778	341.000
12371.779	346.000
12379.779	380.000
12387.779	353.000
12395.779	357.000
12403.779	332.000
12411.779	390.000
12419.780	345.000
12427.780	373.000
12435.780	422.000
12443.780	361.000
12451.780	389.000
12459.780	385.000
12467.781	391.000
12475.781	351.000
12483.781	359.000
12491.781	384.000
12499.781	405.000
12507.781	350.000
12515.782	403.000
12523.782	380.000
12531.782	359.000
12539.782	379.000
12547.782	376.000
12555.782	345.000
12563.783	371.000
12571.783	368.000
12579.783	366.000
12587.783	377.000
12595.783	389.000
12603.783	367.000
12611.784	421.000
12619.784	372.000
12627.784	343.000
12635.784	305.000
12643.784	350.000
12651.784	375.000
12659.785	361.000
12667.785	348.000
12675.785	342.000
12683.785	352.000
12691.785	323.000
12699.785	365.000
12707.786	357.000
12715.786	316.000
12723.786	300.000
12731.786	314.000
12739.786	316.000
12747.786	297.000
12755.787	298.000
12763.787	301.000
12771.787	286.000
12779.787	301.000
12787.787	303.000
12795.787	304.000
12803.788	254.000
12811.788	299.000
12819.788	268.000
12827.788	268.000
12835.788	265.000
12843.788	259.000
12851.789	279.000
12859.789	256.000
12867.789	271.000
12875.789	263.000
12883.789	292.000
12891.789	254.000
12899.790	234.000
12907.790	253.000
12915.790	262.000
12923.790	258.000
12931.790	242.000
12939.790	250.000
12947.791	263.000
12955.791	269.000
12963.791	240.000
12971.791	269.000
12979.791	271.000
12987.791	247.000
12995.792	257.000
13003.792	215.000
13011.792	254.000
13019.792	235.000
13027.792	253.000
13035.792	244.000
13043.793	204.000
13051.793	239.000
13059.793	238.000
13067.793	249.000
13075.793	249.000
13083.793	244.000
13091.794	236.000
13099.794	228.000
13107.794	246.000
13115.794	246.000
13123.794	244.000
13131.794	236.000
13139.795	206.000
13147.795	243.000
13155.795	250.000
13163.795	244.000
13171.795	236.000
13179.795	242.000
13187.796	244.000
13195.796	233.000
13203.796	270.000
13211.796	245.000
13219.796	256.000
13227.796	261.000
13235.797	255.000
13243.797	243.000
13251.797	218.000
13259.797	252.000
13267.797	268.000
13275.797	277.000
13283.798	255.000
13291.798	220.000
13299.798	263.000
13307.798	233.000
13315.798	284.000
13323.798	281.000
13331.799	253.000
13339.799	248.000
13347.799	243.000
13355.799	267.000
13363.799	264.000
13371.799	288.000
13379.800	254.000
13387.800	264.000
13395.800	273.000
13403.800	246.000
13411.800	251.000
13419.800	271.000
13427.801	259.000
13435.801	269.000
13443.801	293.000
13451.801	240.000
13459.801	245.000
13467.801	247.000
13475.802	262.000
13483.802	267.000
13491.802	271.000
13499.802	258.000
13507.802	248.000
13515.802	252.000
13523.803	234.000
13531.803	240.000
13539.803	261.000
13547.803	251.000
13555.803	253.000
13563.803	253.000
13571.804	234.000
13579.804	263.000
13587.804	241.000
13595.804	242.000
13603.804	237.000
13611.804	239.000
13619.805	217.000
13627.805	224.000
13635.805	228.000
13643.805	220.000
13651.805	217.000
13659.805	200.000
13667.806	205.000
13675.806	228.000
13683.806	205.000
13691.806	189.000
13699.806	196.000
13707.806	225.000
13715.807	185.000
13723.807	188.000
13731.807	210.000
13739.807	205.000
13747.807	206.000
13755.807	186.000
13763.808	202.000
13771.808	191.000
13779.808	179.000
13787.808	180.000
13795.808	190.000
13803.808	178.000
13811.809	187.000
13819.809	182.000
13827.809	181.000
13835.809	177.000
13843.809	179.000
13851.809	204.000
13859.810	168.000
13867.810	174.000
13875.810	179.000
13883.810	176.000
13891.810	198.000
13899.810	180.000
13907.811	168.000
13915.811	155.000
13923.811	169.000
13931.811	167.000
13939.811	164.000
13947.811	167.000
13955.812	168.000
13963.812	184.000
13971.812	162.000
13979.812	176.000
13987.812	177.000
13995.812	162.000
14003.813	155.000
14011.813	165.000
14019.813	180.000
14027.813	163.000
14035.813	176.000
14043.813	175.000
14051.814	173.000
14059.814	174.000
14067.814	160.000
14075.814	153.000
14083.814	134.000
14091.814	162.000
14099.815	169.000
14107.815	160.000
14115.815	173.000
14123.815	166.000
14131.815	154.000
14139.815	162.000
14147.816	176.000
14155.816	171.000
14163.816	172.000
14171.816	175.000
14179.816	162.000
14187.816	189.000
14195.817	164.000
14203.817	160.000
14211.817	179.000
14219.817	168.000
14227.817	178.000
14235.817	165.000
14243.818	164.000
14251.818	186.000
14259.818	167.000
14267.818	176.000
14275.818	179.000
14283.818	161.000
14291.819	163.000
14299.819	172.000
14307.819	167.000
14315.819	164.000
14323.819	170.000
14331.819	161.000
14339.820	146.000
14347.820	186.000
14355.820	187.000
14363.820	206.000
14371.820	153.000
14379.820	185.000
14387.821	217.000
14395.821	172.000
14403.821	167.000
14411.821	153.000
14419.821	186.000
14427.821	175.000
14435.822	156.000
14443.822	201.000
14451.822	188.000
14459.822	162.000
14467.822	160.000
14475.822	171.000
14483.823	166.000
14491.823	179.000
14499.823	158.000
14507.823	161.000
14515.823	155.000
14523.823	135.000
14531.824	138.000
14539.824	140.000
14547.824	153.000
14555.824	158.000
14563.824	169.000
14571.824	143.000
14579.825	140.000
14587.825	149.000
14595.825	152.000
14603.825	147.000
14611.825	145.000
14619.825	152.000
14627.826	147.000
14635.826	162.000
14643.826	150.000
14651.826	136.000
14659.826	143.000
14667.826	129.000
14675.827	134.000
14683.827	137.000
14691.827	124.000
14699.827	134.000
14707.827	109.000
14715.827	117.000
14723.828	119.000
14731.828	127.000
14739.828	102.000
14747.828	137.000
14755.828	120.000
14763.828	108.000
14771.829	131.000
14779.829	92.000
14787.829	120.000
14795.829	117.000
14803.829	105.000
14811.829	112.000
14819.830	101.000
14827.830	107.000
14835.830	114.000
14843.830	101.000
14851.830	101.000
14859.830	129.000
14867.831	103.000
14875.831	117.000
14883.831	121.000
14891.831	115.000
14899.831	110.000
14907.831	111.000
14915.832	97.000
14923.832	98.000
14931.832	98.000
14939.832	92.000
14947.832	83.000
14955.832	85.000
14963.833	126.000
14971.833	94.000
14979.833	114.000
14987.833	124.000
14995.833	95.000
15003.833	110.000
15011.834	112.000
15019.834	103.000
15027.834	103.000
15035.834	106.000
15043.834	135.000
15051.834	119.000
15059.835	97.000
15067.835	94.000
15075.835	111.000
15083.835	106.000
15091.835	124.000
15099.835	108.000
15107.836	95.000
15115.836	113.000
15123.836	106.000
15131.836	116.000
15139.836	92.000
15147.836	95.000
15155.837	130.000
15163.837	119.000
15171.837	119.000
15179.837	109.000
15187.837	97.000
15195.837	106.000
15203.838	118.000
15211.838	107.000
15219.838	105.000
15227.838	108.000
15235.838	125.000
15243.838	106.000
15251.839	114.000
15259.839	103.000
15267.839	115.000
15275.839	115.000
15283.839	113.000
15291.839	112.000
15299.840	124.000
15307.840	98.000
15315.840	106.000
15323.840	109.000
15331.840	113.000
15339.840	114.000
15347.841	126.000
15355.841	79.000
15363.841	111.000
15371.841	99.000
15379.841	126.000
15387.841	118.000
15395.842	103.000
15403.842	105.000
15411.842	101.000
15419.842	90.000
15427.842	100.000
15435.842	106.000
15443.843	119.000
15451.843	99.000
15459.843	94.000
15467.843	85.000
15475.843	93.000
15483.843	98.000
15491.844	96.000
15499.844	108.000
15507.844	106.000
15515.844	85.000
15523.844	97.000
15531.844	89.000
15539.845	82.000
15547.845	93.000
15555.845	82.000
15563.845	90.000
15571.845	93.000
15579.845	91.000
15587.846	87.000
15595.846	93.000
15603.846	75.000
15611.846	99.000
15619.846	93.000
15627.846	88.000
15635.847	81.000
15643.847	87.000
15651.847	88.000
15659.847	86.000
15667.847	70.000
15675.847	92.000
15683.848	70.000
15691.848	81.000
15699.848	62.000
15707.848	67.000
15715.848	66.000
15723.848	88.000
15731.849	63.000
15739.849	85.000
15747.849	51.000
15755.849	71.000
15763.849	68.000
15771.849	68.000
15779.850	70.000
15787.850	80.000
15795.850	85.000
15803.850	50.000
15811.850	80.000
15819.850	76.000
15827.851	69.000
15835.851	62.000
15843.851	69.000
15851.851	82.000
15859.851	66.000
15867.851	81.000
15875.852	72.000
15883.852	82.000
15891.852	58.000
15899.852	64.000
15907.852	63.000
15915.852	50.000
15923.853	73.000
15931.853	60.000
15939.853	70.000
15947.853	67.000
15955.853	72.000
15963.853	79.000
15971.854	59.000
15979.854	81.000
15987.854	56.000
15995.854	70.000
16003.854	75.000
16011.854	70.000
16019.855	65.000
16027.855	45.000
16035.855	64.000
16043.855	74.000
16051.855	79.000
16059.855	69.000
16067.856	81.000
16075.856	78.000
16083.856	66.000
16091.856	80.000
16099.856	65.000
16107.856	68.000
16115.857	71.000
16123.857	76.000
16131.857	59.000
16139.857	70.000
16147.857	59.000
16155.857	78.000
16163.858	57.000
16171.858	79.000
16179.858	89.000
16187.858	66.000
16195.858	80.000
16203.858	66.000
16211.859	80.000
16219.859	76.000
16227.859	68.000
16235.859	65.000
16243.859	61.000
16251.859	87.000
16259.860	77.000
16267.860	75.000
16275.860	77.000
16283.860	62.000
16291.860	64.000
16299.860	77.000
16307.861	56.000
16315.861	71.000
16323.861	49.000
16331.861	73.000
16339.861	59.000
16347.861	84.000
16355.862	71.000
16363.862	67.000
16371.862	61.000
16379.862	78.000
16387.862	75.000
16395.862	65.000
16403.863	67.000
16411.863	52.000
16419.863	40.000
16427.863	54.000
16435.863	47.000
16443.863	77.000
16451.864	56.000
16459.864	52.000
16467.864	53.000
16475.864	59.000
16483.864	61.000
16491.864	54.000
16499.865	37.000
16507.865	67.000
16515.865	58.000
16523.865	48.000
16531.865	45.000
16539.865	45.000
16547.866	44.000
16555.866	60.000
16563.866	31.000
16571.866	48.000
16579.866	39.000
16587.866	45.000
16595.867	46.000
16603.867	43.000
16611.867	54.000
16619.867	64.000
16627.867	55.000
16635.867	51.000
16643.868	39.000
16651.868	38.000
16659.868	49.000
16667.868	54.000
16675.868	40.000
16683.868	42.000
16691.869	36.000
16699.869	34.000
16707.869	38.000
16715.869	46.000
16723.869	46.000
16731.869	45.000
16739.870	48.000
16747.870	32.000
16755.870	35.000
16763.870	49.000
16771.870	47.000
16779.870	40.000
16787.871	41.000
16795.871	46.000
16803.871	33.000
16811.871	49.000
16819.871	38.000
16827.871	59.000
16835.872	40.000
16843.872	37.000
16851.872	50.000
16859.872	48.000
16867.872	31.000
16875.872	35.000
16883.873	44.000
16891.873	58.000
16899.873	39.000
16907.873	36.000
16915.873	33.000
16923.873	42.000
16931.874	44.000
16939.874	37.000
16947.874	46.000
16955.874	35.000
16963.874	52.000
16971.874	40.000
16979.875	47.000
16987.875	36.000
16995.875	43.000
17003.875	47.000
17011.875	37.000
17019.875	38.000
17027.876	34.000
17035.876	42.000
17043.876	41.000
17051.876	36.000
17059.876	33.000
17067.876	49.000
17075.877	40.000
17083.877	40.000
17091.877	39.000
17099.877	46.000
17107.877	50.000
17115.877	42.000
17123.878	33.000
17131.878	41.000
17139.878	34.000
17147.878	42.000
17155.878	48.000
17163.878	44.000
17171.879	36.000
17179.879	47.000
17187.879	37.000
17195.879	40.000
17203.879	44.000
17211.879	29.000
17219.880	45.000
17227.880	37.000
17235.880	40.000
17243.880	36.000
17251.880	35.000
17259.880	41.000
17267.881	45.000
17275.881	39.000
17283.881	35.000
17291.881	44.000
17299.881	39.000
17307.881	33.000
17315.882	36.000
17323.882	33.000
17331.882	40.000
17339.882	35.000
17347.882	29.000
17355.882	38.000
17363.883	25.000
17371.883	38.000
17379.883	37.000
17387.883	31.000
17395.883	37.000
17403.883	32.000
17411.884	26.000
17419.884	28.000
17427.884	37.000
17435.884	31.000
17443.884	41.000
17451.884	28.000
17459.885	37.000
17467.885	35.000
17475.885	21.000
17483.885	24.000
17491.885	35.000
17499.885	31.000
17507.886	33.000
17515.886	26.000
17523.886	28.000
17531.886	36.000
17539.886	23.000
17547.886	21.000
17555.887	31.000
17563.887	23.000
17571.887	27.000
17579.887	26.000
17587.887	24.000
17595.887	30.000
17603.888	25.000
17611.888	27.000
17619.888	29.000
17627.888	22.000
17635.888	33.000
17643.888	24.000
17651.889	15.000
17659.889	21.000
17667.889	10.000
17675.889	26.000
17683.889	21.000
17691.889	21.000
17699.890	26.000
17707.890	17.000
17715.890	24.000
17723.890	21.000
17731.890	29.000
17739.890	20.000
17747.891	25.000
17755.891	35.000
17763.891	30.000
17771.891	21.000
17779.891	23.000
17787.891	25.000
17795.892	32.000
17803.892	34.000
17811.892	20.000
17819.892	26.000
17827.892	24.000
17835.892	27.000
17843.893	27.000
17851.893	25.000
17859.893	18.000
17867.893	30.000
17875.893	24.000
17883.893	22.000
17891.894	24.000
17899.894	29.000
17907.894	17.000
17915.894	24.000
17923.894	22.000
17931.894	23.000
17939.895	26.000
17947.895	18.000
17955.895	21.000
17963.895	27.000
17971.895	29.000
17979.895	13.000
17987.896	26.000
17995.896	24.000
18003.896	24.000
18011.896	24.000
18019.896	23.000
18027.896	26.000
18035.897	25.000
18043.897	25.000
18051.897	24.000
18059.897	29.000
18067.897	32.000
18075.897	20.000
18083.898	26.000
18091.898	19.000
18099.898	25.000
18107.898	15.000
18115.898	21.000
18123.898	26.000
18131.899	28.000
18139.899	21.000
18147.899	17.000
18155.899	18.000
18163.899	17.000
18171.899	22.000
18179.900	26.000
18187.900	8.000
18195.900	12.000
18203.900	29.000
18211.900	27.000
18219.900	21.000
18227.901	22.000
18235.901	25.000
18243.901	19.000
18251.901	25.000
18259.901	25.000
18267.901	22.000
18275.902	21.000
18283.902	34.000
18291.902	17.000
18299.902	19.000
18307.902	31.000
18315.902	24.000
18323.903	22.000
18331.903	12.000
18339.903	19.000
18347.903	11.000
18355.903	22.000
18363.903	8.000
18371.904	24.000
18379.904	21.000
18387.904	15.000
18395.904	18.000
18403.904	15.000
18411.904	16.000
18419.905	23.000
18427.905	12.000
18435.905	19.000
18443.905	12.000
18451.905	18.000
18459.905	16.000
18467.906	11.000
18475.906	16.000
18483.906	13.000
18491.906	20.000
18499.906	16.000
18507.906	9.000
18515.907	11.000
18523.907	12.000
18531.907	8.000
18539.907	12.000
18547.907	18.000
18555.907	17.000
18563.908	12.000
18571.908	15.000
18579.908	14.000
18587.908	21.000
18595.908	25.000
18603.908	13.000
18611.909	11.000
18619.909	21.000
18627.909	12.000
18635.909	14.000
18643.909	11.000
18651.909	17.000
18659.910	17.000
18667.910	20.000
18675.910	13.000
18683.910	19.000
18691.910	12.000
18699.910	14.000
18707.911	18.000
18715.911	6.000
18723.911	13.000
18731.911	7.000
18739.911	8.000
18747.911	16.000
18755.912	16.000
18763.912	16.000
18771.912	9.000
18779.912	11.000
18787.912	11.000
18795.912	25.000
18803.913	9.000
18811.913	13.000
18819.913	11.000
18827.913	15.000
18835.913	15.000
18843.913	12.000
18851.914	8.000
18859.914	12.000
18867.914	20.000
18875.914	10.000
18883.914	15.000
18891.914	20.000
18899.915	13.000
18907.915	12.000
18915.915	15.000
18923.915	9.000
18931.915	12.000
18939.915	11.000
18947.916	10.000
18955.916	9.000
18963.916	14.000
18971.916	15.000
18979.916	19.000
18987.916	10.000
18995.917	19.000
19003.917	11.000
19011.917	13.000
19019.917	14.000
19027.917	25.000
19035.917	18.000
19043.918	18.000
19051.918	13.000
19059.918	8.000
19067.918	12.000
19075.918	11.000
19083.918	16.000
19091.919	7.000
19099.919	10.000
19107.919	17.000
19115.919	11.000
19123.919	15.000
19131.919	6.000
19139.920	14.000
19147.920	13.000
19155.920	12.000
19163.920	13.000
19171.920	8.000
19179.920	9.000
19187.921	13.000
19195.921	11.000
19203.921	9.000
19211.921	5.000
19219.921	13.000
19227.921	10.000
19235.922	9.000
19243.922	12.000
19251.922	8.000
19259.922	11.000
19267.922	10.000
19275.922	8.000
19283.923	8.000
19291.923	8.000
19299.923	15.000
19307.923	11.000
19315.923	10.000
19323.923	10.000
19331.924	9.000
19339.924	9.000
19347.924	9.000
19355.924	8.000
19363.924	10.000
19371.924	10.000
19379.925	11.000
19387.925	8.000
19395.925	11.000
19403.925	4.000
19411.925	6.000
19419.925	10.000
19427.926	7.000
19435.926	10.000
19443.926	9.000
19451.926	3.000
19459.926	4.000
19467.926	10.000
19475.927	8.000
19483.927	11.000
19491.927	11.000
19499.927	15.000
19507.927	11.000
19515.927	5.000
19523.928	5.000
19531.928	11.000
19539.928	8.000
19547.928	4.000
19555.928	6.000
19563.928	8.000
19571.929	11.000
19579.929	4.000
19587.929	12.000
19595.929	4.000
19603.929	4.000
19611.929	8.000
19619.930	7.000
19627.930	6.000
19635.930	11.000
19643.930	10.000
19651.930	2.000
19659.930	12.000
19667.931	7.000
19675.931	6.000
19683.931	4.000
19691.931	7.000
19699.931	3.000
19707.931	6.000
19715.932	9.000
19723.932	7.000
19731.932	9.000
19739.932	7.000
19747.932	4.000
19755.932	2.000
19763.933	10.000
19771.933	8.000
19779.933	4.000
19787.933	8.000
19795.933	7.000
19803.933	7.000
19811.934	8.000
19819.934	9.000
19827.934	7.000
19835.934	10.000
19843.934	10.000
19851.934	6.000
19859.935	4.000
19867.935	5.000
19875.935	5.000
19883.935	9.000
19891.935	3.000
19899.935	6.000
19907.936	7.000
19915.936	7.000
19923.936	6.000
19931.936	6.000
19939.936	6.000
19947.936	9.000
19955.937	9.000
19963.937	7.000
19971.937	3.000
19979.937	8.000
19987.937	9.000
19995.937	10.000
20003.938	11.000
20011.938	8.000
20019.938	6.000
20027.938	8.000
20035.938	12.000
20043.938	10.000
20051.939	6.000
20059.939	4.000
20067.939	6.000
20075.939	2.000
20083.939	6.000
20091.939	8.000
20099.940	5.000
20107.940	7.000
20115.940	6.000
20123.940	6.000
20131.940	5.000
20139.940	6.000
20147.941	2.000
20155.941	10.000
20163.941	7.000
20171.941	6.000
20179.941	6.000
20187.941	6.000
20195.942	4.000
20203.942	5.000
20211.942	4.000
20219.942	1.000
20227.942	5.000
20235.942	4.000
20243.943	6.000
20251.943	1.000
20259.943	5.000
20267.943	6.000
20275.943	7.000
20283.943	4.000
20291.944	9.000
20299.944	4.000
20307.944	6.000
20315.944	3.000
20323.944	7.000
20331.944	5.000
20339.945	6.000
20347.945	6.000
20355.945	5.000
20363.945	2.000
20371.945	5.000
20379.945	5.000
20387.946	7.000
20395.946	4.000
20403.946	1.000
20411.946	5.000
20419.946	6.000
20427.946	8.000
20435.947	0.000
20443.947	9.000
20451.947	4.000
20459.947	5.000
20467.947	5.000
20475.947	4.000
20483.948	3.000
20491.948	2.000
20499.948	2.000
20507.948	5.000
20515.948	2.000
20523.948	6.000
20531.949	4.000
20539.949	4.000
20547.949	2.000
20555.949	0.000
20563.949	5.000
20571.949	3.000
20579.950	4.000
20587.950	1.000
20595.950	4.000
20603.950	4.000
20611.950	4.000
20619.950	3.000
20627.951	2.000
20635.951	1.000
20643.951	7.000
20651.951	5.000
20659.951	4.000
20667.951	4.000
20675.952	2.000
20683.952	5.000
20691.952	2.000
20699.952	3.000
20707.952	4.000
20715.952	5.000
20723.953	2.000
20731.953	6.000
20739.953	0.000
20747.953	3.000
20755.953	3.000
20763.953	7.000
20771.954	2.000
20779.954	6.000
20787.954	3.000
20795.954	3.000
20803.954	3.000
20811.954	2.000
20819.955	3.000
20827.955	3.000
20835.955	6.000
20843.955	4.000
20851.955	4.000
20859.955	1.000
20867.956	3.000
20875.956	6.000
20883.956	5.000
20891.956	3.000
20899.956	1.000
20907.956	4.000
20915.957	4.000
20923.957	2.000
20931.957	3.000
20939.957	4.000
20947.957	1.000
20955.957	1.000
20963.958	3.000
20971.958	7.000
20979.958	3.000
20987.958	3.000
20995.958	3.000
21003.958	2.000
21011.959	1.000
21019.959	4.000
21027.959	4.000
21035.959	2.000
21043.959	7.000
21051.959	6.000
21059.960	4.000
21067.960	1.000
21075.960	4.000
21083.960	1.000
21091.960	4.000
21099.960	5.000
21107.961	4.000
21115.961	4.000
21123.961	1.000
21131.961	5.000
21139.961	3.000
21147.961	2.000
21155.962	3.000
21163.962	1.000
21171.962	4.000
21179.962	3.000
21187.962	1.000
21195.962	7.000
21203.963	4.000
21211.963	4.000
21219.963	5.000
21227.963	3.000
21235.963	1.000
21243.963	3.000
21251.964	4.000
21259.964	2.000
21267.964	2.000
21275.964	6.000
21283.964	2.000
21291.964	4.000
21299.965	0.000
21307.965	2.000
21315.965	1.000
21323.965	2.000
21331.965	2.000
21339.965	2.000
21347.966	6.000
21355.966	4.000
21363.966	3.000
21371.966	2.000
21379.966	4.000
21387.966	3.000
21395.967	4.000
21403.967	2.000
21411.967	2.000
21419.967	4.000
21427.967	3.000
21435.967	3.000
21443.968	1.000
21451.968	2.000
21459.968	2.000
21467.968	1.000
21475.968	2.000
21483.968	3.000
21491.969	0.000
21499.969	2.000
21507.969	1.000
21515.969	0.000
21523.969	0.000
21531.969	3.000
21539.970	1.000
21547.970	4.000
21555.970	4.000
21563.970	2.000
21571.970	1.000
21579.970	3.000
21587.971	0.000
21595.971	2.000
21603.971	1.000
21611.971	1.000
21619.971	3.000
21627.971	1.000
21635.972	1.000
21643.972	5.000
21651.972	2.000
21659.972	2.000
21667.972	2.000
21675.972	3.000
21683.973	2.000
21691.973	2.000
21699.973	2.000
21707.973	3.000
21715.973	4.000
21723.973	2.000
21731.974	3.000
21739.974	0.000
21747.974	2.000
21755.974	1.000
21763.974	2.000
21771.974	2.000
21779.975	2.000
21787.975	2.000
21795.975	1.000
21803.975	1.000
21811.975	1.000
21819.975	1.000
21827.976	1.000
21835.976	1.000
21843.976	1.000
21851.976	1.000
21859.976	4.000
21867.976	1.000
21875.977	3.000
21883.977	2.000
21891.977	2.000
21899.977	0.000
21907.977	0.000
21915.977	3.000
21923.978	4.000
21931.978	2.000
21939.978	0.000
21947.978	2.000
21955.978	1.000
21963.978	0.000
21971.979	2.000
21979.979	1.000
21987.979	2.000
21995.979	2.000
22003.979	0.000
22011.979	1.000
22019.980	1.000
22027.980	1.000
22035.980	3.000
22043.980	0.000
22051.980	1.000
22059.980	0.000
22067.981	3.000
22075.981	1.000
22083.981	1.000
22091.981	1.000
22099.981	1.000
22107.981	1.000
22115.982	3.000
22123.982	1.000
22131.982	1.000
22139.982	1.000
22147.982	0.000
22155.982	1.000
22163.983	0.000
22171.983	2.000
22179.983	1.000
22187.983	0.000
22195.983	3.000
22203.983	3.000
22211.984	1.000
22219.984	1.000
22227.984	1.000
22235.984	0.000
22243.984	2.000
22251.984	2.000
22259.985	0.000
22267.985	2.000
22275.985	0.000
22283.985	3.000
22291.985	1.000
22299.985	1.000
22307.986	3.000
22315.986	0.000
22323.986	0.000
22331.986	2.000
22339.986	2.000
22347.986	0.000
22355.987	1.000
22363.987	1.000
22371.987	1.000
22379.987	0.000
22387.987	2.000
22395.987	2.000
22403.988	0.000
22411.988	1.000
22419.988	1.000
22427.988	3.000
22435.988	2.000
22443.988	1.000
22451.989	0.000
22459.989	0.000
22467.989	0.000
22475.989	0.000
22483.989	1.000
22491.989	0.000
22499.990	1.000
22507.990	0.000
22515.990	1.000
22523.990	2.000
22531.990	0.000
22539.990	0.000
22547.991	1.000
22555.991	0.000
22563.991	1.000
22571.991	1.000
22579.991	2.000
22587.991	0.000
22595.992	1.000
22603.992	2.000
22611.992	1.000
22619.992	0.000
22627.992	0.000
22635.992	0.000
22643.993	0.000
22651.993	0.000
22659.993	2.000
22667.993	0.000
22675.993	1.000
22683.993	0.000
22691.994	1.000
22699.994	1.000
22707.994	1.000
22715.994	1.000
22723.994	5.000
22731.994	0.000
22739.995	1.000
22747.995	0.000
22755.995	0.000
22763.995	0.000
22771.995	2.000
22779.995	2.000
22787.996	0.000
22795.996	2.000
22803.996	1.000
22811.996	1.000
22819.996	1.000
22827.996	0.000
22835.997	0.000
22843.997	0.000
22851.997	1.000
22859.997	0.000
22867.997	1.000
22875.997	1.000
22883.998	0.000
22891.998	0.000
22899.998	0.000
22907.998	0.000
22915.998	0.000
22923.998	1.000
22931.999	0.000
22939.999	0.000
22947.999	1.000
22955.999	3.000
22963.999	0.000
22971.999	2.000
22980.000	0.000
22988.000	1.000
22996.000	0.000
