-996.500	11.000
-988.500	23.000
-980.500	9.000
-972.499	13.000
-964.499	7.000
-956.499	15.000
-948.499	17.000
-940.499	12.000
-932.499	13.000
-924.498	21.000
-916.498	16.000
-908.498	17.000
-900.498	26.000
-892.498	16.000
-884.498	22.000
-876.497	20.000
-868.497	18.000
-860.497	25.000
-852.497	22.000
-844.497	27.000
-836.497	31.000
-828.496	20.000
-820.496	28.000
-812.496	38.000
-804.496	38.000
-796.496	36.000
-788.496	36.000
-780.495	44.000
-772.495	39.000
-764.495	38.000
-756.495	44.000
-748.495	42.000
-740.495	50.000
-732.494	61.000
-724.494	51.000
-716.494	57.000
-708.494	78.000
-700.494	71.000
-692.494	74.000
-684.493	63.000
-676.493	72.000
-668.493	86.000
-660.493	103.000
-652.493	95.000
-644.493	101.000
-636.492	118.000
-628.492	113.000
-620.492	129.000
-612.492	119.000
-604.492	138.000
-596.492	138.000
-588.491	152.000
-580.491	183.000
-572.491	171.000
-564.491	174.000
-556.491	210.000
-548.491	188.000
-540.490	227.000
-532.490	233.000
-524.490	264.000
-516.490	274.000
-508.490	278.000
-500.490	307.000
-492.489	323.000
-484.489	297.000
-476.489	353.000
-468.489	373.000
-460.489	361.000
-452.489	437.000
-444.488	416.000
-436.488	434.000
-428.488	439.000
-420.488	465.000
-412.488	494.000
-404.488	521.000
-396.487	502.000
-388.487	548.000
-380.487	610.000
-372.487	570.000
-364.487	621.000
-356.487	622.000
-348.486	667.000
-340.486	670.000
-332.486	650.000
-324.486	733.000
-316.486	701.000
-308.486	736.000
-300.485	752.000
-292.485	738.000
-284.485	771.000
-276.485	722.000
-268.485	843.000
-260.485	809.000
-252.484	812.000
-244.484	872.000
-236.484	784.000
-228.484	848.000
-220.484	893.000
-212.484	882.000
-204.483	886.000
-196.483	869.000
-188.483	842.000
-180.483	870.000
-172.483	810.000
-164.483	877.000
-156.482	851.000
-148.482	823.000
-140.482	874.000
-132.482	797.000
-124.482	863.000
-116.482	833.000
-108.481	797.000
-100.481	774.000
-92.481	810.000
-84.481	803.000
-76.481	773.000
-68.481	785.000
-60.480	733.000
-52.480	710.000
-44.480	761.000
-36.480	710.000
-28.480	600.000
-20.480	634.000
-12.479	656.000
-4.479	648.000
3.521	646.000
11.521	624.000
19.521	633.000
27.521	584.000
35.522	564.000
43.522	554.000
51.522	537.000
59.522	542.000
67.522	553.000
75.522	549.000
83.523	552.000
91.523	508.000
99.523	489.000
107.523	540.000
115.523	537.000
123.523	511.000
131.524	485.000
139.524	530.000
147.524	491.000
155.524	520.000
163.524	552.000
171.524	536.000
179.525	488.000
187.525	495.000
195.525	490.000
203.525	510.000
211.525	548.000
219.525	561.000
227.526	556.000
235.526	526.000
243.526	542.000
251.526	559.000
259.526	520.000
267.526	544.000
275.527	534.000
283.527	579.000
291.527	562.000
299.527	633.000
307.527	567.000
315.527	563.000
323.528	578.000
331.528	619.000
339.528	618.000
347.528	631.000
355.528	648.000
363.528	626.000
371.529	620.000
379.529	596.000
387.529	609.000
395.529	670.000
403.529	717.000
411.529	661.000
419.530	666.000
427.530	689.000
435.530	674.000
443.530	706.000
451.530	686.000
459.530	700.000
467.531	723.000
475.531	644.000
483.531	760.000
491.531	770.000
499.531	727.000
507.531	741.000
515.532	763.000
523.532	749.000
531.532	764.000
539.532	762.000
547.532	771.000
555.532	771.000
563.533	810.000
571.533	827.000
579.533	867.000
587.533	816.000
595.533	850.000
603.533	864.000
611.534	878.000
619.534	871.000
627.534	882.000
635.534	880.000
643.534	844.000
651.534	903.000
659.535	936.000
667.535	900.000
675.535	906.000
683.535	932.000
691.535	916.000
699.535	879.000
707.536	899.000
715.536	987.000
723.536	936.000
731.536	905.000
739.536	967.000
747.536	990.000
755.537	945.000
763.537	950.000
771.537	915.000
779.537	982.000
787.537	931.000
795.537	939.000
803.538	967.000
811.538	939.000
819.538	942.000
827.538	896.000
835.538	944.000
843.538	889.000
851.539	900.000
859.539	939.000
867.539	867.000
875.539	916.000
883.539	878.000
891.539	926.000
899.540	930.000
907.540	904.000
915.540	848.000
923.540	830.000
931.540	878.000
939.540	843.000
947.541	824.000
955.541	861.000
963.541	845.000
971.541	882.000
979.541	836.000
987.541	801.000
995.542	784.000
1003.542	786.000
1011.542	782.000
1019.542	851.000
1027.542	766.000
1035.542	729.000
1043.543	740.000
1051.543	764.000
1059.543	695.000
1067.543	730.000
1075.543	727.000
1083.543	743.000
1091.544	724.000
1099.544	768.000
1107.544	654.000
1115.544	666.000
1123.544	642.000
1131.544	665.000
1139.545	662.000
1147.545	699.000
1155.545	656.000
1163.545	680.000
1171.545	688.000
1179.545	640.000
1187.546	626.000
1195.546	623.000
1203.546	679.000
1211.546	641.000
1219.546	679.000
1227.546	694.000
1235.547	657.000
1243.547	687.000
1251.547	684.000
1259.547	647.000
1267.547	691.000
1275.547	608.000
1283.548	685.000
1291.548	682.000
1299.548	657.000
1307.548	679.000
1315.548	653.000
1323.548	641.000
1331.549	705.000
1339.549	736.000
1347.549	691.000
1355.549	664.000
1363.549	702.000
1371.549	709.000
1379.550	678.000
1387.550	677.000
1395.550	704.000
1403.550	719.000
1411.550	698.000
1419.550	648.000
1427.551	722.000
1435.551	717.000
1443.551	693.000
1451.551	753.000
1459.551	719.000
1467.551	710.000
1475.552	722.000
1483.552	724.000
1491.552	745.000
1499.552	709.000
1507.552	799.000
1515.552	735.000
1523.553	789.000
1531.553	774.000
1539.553	760.000
1547.553	786.000
1555.553	816.000
1563.553	761.000
1571.554	819.000
1579.554	784.000
1587.554	724.000
1595.554	785.000
1603.554	819.000
1611.554	862.000
1619.555	800.000
1627.555	847.000
1635.555	872.000
1643.555	857.000
1651.555	773.000
1659.555	839.000
1667.556	866.000
1675.556	844.000
1683.556	833.000
1691.556	814.000
1699.556	858.000
1707.556	873.000
1715.557	883.000
1723.557	912.000
1731.557	855.000
1739.557	886.000
1747.557	855.000
1755.557	861.000
1763.558	885.000
1771.558	879.000
1779.558	914.000
1787.558	864.000
1795.558	947.000
1803.558	907.000
1811.559	924.000
1819.559	940.000
1827.559	933.000
1835.559	951.000
1843.559	892.000
1851.559	915.000
1859.560	840.000
1867.560	889.000
1875.560	879.000
1883.560	926.000
1891.560	857.000
1899.560	903.000
1907.561	912.000
1915.561	879.000
1923.561	897.000
1931.561	930.000
1939.561	937.000
1947.561	868.000
1955.562	892.000
1963.562	889.000
1971.562	896.000
1979.562	812.000
1987.562	818.000
1995.562	857.000
2003.563	865.000
2011.563	822.000
2019.563	855.000
2027.563	790.000
2035.563	794.000
2043.563	716.000
2051.564	788.000
2059.564	783.000
2067.564	820.000
2075.564	713.000
2083.564	705.000
2091.564	687.000
2099.565	737.000
2107.565	745.000
2115.565	716.000
2123.565	693.000
2131.565	684.000
2139.565	662.000
2147.566	673.000
2155.566	696.000
2163.566	673.000
2171.566	711.000
2179.566	686.000
2187.566	673.000
2195.567	641.000
2203.567	645.000
2211.567	614.000
2219.567	667.000
2227.567	701.000
2235.567	694.000
2243.568	665.000
2251.568	632.000
2259.568	656.000
2267.568	663.000
2275.568	649.000
2283.568	626.000
2291.569	615.000
2299.569	671.000
2307.569	621.000
2315.569	633.000
2323.569	631.000
2331.569	666.000
2339.570	703.000
2347.570	652.000
2355.570	619.000
2363.570	653.000
2371.570	664.000
2379.570	667.000
2387.571	629.000
2395.571	593.000
2403.571	649.000
2411.571	722.000
2419.571	643.000
2427.571	614.000
2435.572	710.000
2443.572	655.000
2451.572	668.000
2459.572	691.000
2467.572	668.000
2475.572	680.000
2483.573	662.000
2491.573	690.000
2499.573	751.000
2507.573	646.000
2515.573	722.000
2523.573	704.000
2531.574	728.000
2539.574	686.000
2547.574	683.000
2555.574	731.000
2563.574	775.000
2571.574	709.000
2579.575	746.000
2587.575	729.000
2595.575	695.000
2603.575	777.000
2611.575	728.000
2619.575	722.000
2627.576	713.000
2635.576	800.000
2643.576	759.000
2651.576	784.000
2659.576	748.000
2667.576	752.000
2675.577	785.000
2683.577	781.000
2691.577	821.000
2699.577	777.000
2707.577	777.000
2715.577	777.000
2723.578	814.000
2731.578	754.000
2739.578	793.000
2747.578	770.000
2755.578	785.000
2763.578	812.000
2771.579	823.000
2779.579	794.000
2787.579	843.000
2795.579	787.000
2803.579	752.000
2811.579	831.000
2819.580	792.000
2827.580	871.000
2835.580	841.000
2843.580	839.000
2851.580	838.000
2859.580	811.000
2867.581	826.000
2875.581	825.000
2883.581	891.000
2891.581	831.000
2899.581	826.000
2907.581	808.000
2915.582	823.000
2923.582	823.000
2931.582	791.000
2939.582	835.000
2947.582	838.000
2955.582	806.000
2963.583	801.000
2971.583	813.000
2979.583	799.000
2987.583	821.000
2995.583	720.000
3003.583	808.000
3011.584	746.000
3019.584	746.000
3027.584	746.000
3035.584	769.000
3043.584	735.000
3051.584	720.000
3059.585	795.000
3067.585	713.000
3075.585	710.000
3083.585	690.000
3091.585	696.000
3099.585	669.000
3107.586	742.000
3115.586	695.000
3123.586	697.000
3131.586	708.000
3139.586	675.000
3147.586	615.000
3155.587	615.000
3163.587	635.000
3171.587	622.000
3179.587	580.000
3187.587	666.000
3195.587	622.000
3203.588	660.000
3211.588	642.000
3219.588	649.000
3227.588	644.000
3235.588	615.000
3243.588	614.000
3251.589	630.000
3259.589	598.000
3267.589	596.000
3275.589	576.000
3283.589	595.000
3291.589	589.000
3299.590	586.000
3307.590	608.000
3315.590	590.000
3323.590	601.000
3331.590	611.000
3339.590	546.000
3347.591	572.000
3355.591	589.000
3363.591	575.000
3371.591	602.000
3379.591	570.000
3387.591	569.000
3395.592	568.000
3403.592	584.000
3411.592	564.000
3419.592	600.000
3427.592	560.000
3435.592	595.000
3443.593	573.000
3451.593	585.000
3459.593	563.000
3467.593	615.000
3475.593	587.000
3483.593	610.000
3491.594	571.000
3499.594	595.000
3507.594	615.000
3515.594	636.000
3523.594	614.000
3531.594	604.000
3539.595	614.000
3547.595	567.000
3555.595	621.000
3563.595	627.000
3571.595	630.000
3579.595	685.000
3587.596	618.000
3595.596	638.000
3603.596	633.000
3611.596	592.000
3619.596	608.000
3627.596	647.000
3635.597	611.000
3643.597	638.000
3651.597	623.000
3659.597	669.000
3667.597	650.000
3675.597	677.000
3683.598	689.000
3691.598	656.000
3699.598	596.000
3707.598	705.000
3715.598	612.000
3723.598	694.000
3731.599	676.000
3739.599	669.000
3747.599	679.000
3755.599	673.000
3763.599	679.000
3771.599	687.000
3779.600	689.000
3787.600	680.000
3795.600	622.000
3803.600	655.000
3811.600	761.000
3819.600	660.000
3827.601	707.000
3835.601	654.000
3843.601	666.000
3851.601	689.000
3859.601	670.000
3867.601	650.000
3875.602	669.000
3883.602	634.000
3891.602	707.000
3899.602	672.000
3907.602	686.000
3915.602	716.000
3923.603	660.000
3931.603	694.000
3939.603	709.000
3947.603	679.000
3955.603	672.000
3963.603	737.000
3971.604	690.000
3979.604	639.000
3987.604	707.000
3995.604	683.000
4003.604	667.000
4011.604	675.000
4019.605	642.000
4027.605	659.000
4035.605	640.000
4043.605	681.000
4051.605	664.000
4059.605	589.000
4067.606	623.000
4075.606	648.000
4083.606	644.000
4091.606	601.000
4099.606	593.000
4107.606	644.000
4115.607	610.000
4123.607	610.000
4131.607	603.000
4139.607	564.000
4147.607	569.000
4155.607	616.000
4163.608	542.000
4171.608	555.000
4179.608	585.000
4187.608	572.000
4195.608	603.000
4203.608	565.000
4211.609	573.000
4219.609	554.000
4227.609	530.000
4235.609	557.000
4243.609	544.000
4251.609	537.000
4259.610	559.000
4267.610	498.000
4275.610	532.000
4283.610	508.000
4291.610	502.000
4299.610	535.000
4307.611	534.000
4315.611	463.000
4323.611	503.000
4331.611	489.000
4339.611	509.000
4347.611	511.000
4355.612	467.000
4363.612	515.000
4371.612	512.000
4379.612	489.000
4387.612	537.000
4395.612	508.000
4403.613	520.000
4411.613	486.000
4419.613	498.000
4427.613	483.000
4435.613	509.000
4443.613	476.000
4451.614	505.000
4459.614	488.000
4467.614	482.000
4475.614	490.000
4483.614	509.000
4491.614	508.000
4499.615	498.000
4507.615	505.000
4515.615	534.000
4523.615	512.000
4531.615	526.000
4539.615	499.000
4547.616	510.000
4555.616	484.000
4563.616	494.000
4571.616	472.000
4579.616	492.000
4587.616	550.000
4595.617	523.000
4603.617	506.000
4611.617	473.000
4619.617	518.000
4627.617	477.000
4635.617	508.000
4643.618	539.000
4651.618	521.000
4659.618	526.000
4667.618	532.000
4675.618	547.000
4683.618	552.000
4691.619	555.000
4699.619	496.000
4707.619	560.000
4715.619	547.000
4723.619	590.000
4731.619	488.000
4739.620	543.000
4747.620	517.000
4755.620	479.000
4763.620	574.000
4771.620	528.000
4779.620	514.000
4787.621	534.000
4795.621	551.000
4803.621	535.000
4811.621	520.000
4819.621	563.000
4827.621	566.000
4835.622	579.000
4843.622	566.000
4851.622	568.000
4859.622	560.000
4867.622	547.000
4875.622	554.000
4883.623	634.000
4891.623	565.000
4899.623	547.000
4907.623	561.000
4915.623	605.000
4923.623	567.000
4931.624	620.000
4939.624	573.000
4947.624	579.000
4955.624	594.000
4963.624	597.000
4971.624	568.000
4979.625	574.000
4987.625	558.000
4995.625	558.000
5003.625	624.000
5011.625	586.000
5019.625	573.000
5027.626	546.000
5035.626	629.000
5043.626	572.000
5051.626	537.000
5059.626	577.000
5067.626	544.000
5075.627	539.000
5083.627	583.000
5091.627	562.000
5099.627	571.000
5107.627	547.000
5115.627	553.000
5123.628	550.000
5131.628	540.000
5139.628	528.000
5147.628	517.000
5155.628	496.000
5163.628	519.000
5171.629	521.000
5179.629	540.000
5187.629	489.000
5195.629	504.000
5203.629	472.000
5211.629	474.000
5219.630	513.000
5227.630	508.000
5235.630	488.000
5243.630	424.000
5251.630	488.000
5259.630	507.000
5267.631	446.000
5275.631	458.000
5283.631	455.000
5291.631	482.000
5299.631	464.000
5307.631	438.000
5315.632	453.000
5323.632	388.000
5331.632	439.000
5339.632	433.000
5347.632	434.000
5355.632	439.000
5363.633	409.000
5371.633	453.000
5379.633	424.000
5387.633	413.000
5395.633	439.000
5403.633	402.000
5411.634	376.000
5419.634	439.000
5427.634	471.000
5435.634	416.000
5443.634	426.000
5451.634	434.000
5459.635	409.000
5467.635	416.000
5475.635	432.000
5483.635	416.000
5491.635	421.000
5499.635	446.000
5507.636	400.000
5515.636	383.000
5523.636	386.000
5531.636	419.000
5539.636	437.000
5547.636	429.000
5555.637	444.000
5563.637	442.000
5571.637	436.000
5579.637	417.000
5587.637	434.000
5595.637	454.000
5603.638	417.000
5611.638	432.000
5619.638	417.000
5627.638	402.000
5635.638	436.000
5643.638	419.000
5651.639	469.000
5659.639	428.000
5667.639	447.000
5675.639	445.000
5683.639	503.000
5691.639	423.000
5699.640	464.000
5707.640	463.000
5715.640	481.000
5723.640	473.000
5731.640	459.000
5739.640	487.000
5747.641	480.000
5755.641	460.000
5763.641	493.000
5771.641	471.000
5779.641	492.000
5787.641	487.000
5795.642	521.000
5803.642	468.000
5811.642	493.000
5819.642	468.000
5827.642	454.000
5835.642	456.000
5843.643	457.000
5851.643	493.000
5859.643	465.000
5867.643	500.000
5875.643	462.000
5883.643	470.000
5891.644	531.000
5899.644	502.000
5907.644	521.000
5915.644	500.000
5923.644	549.000
5931.644	501.000
5939.645	497.000
5947.645	483.000
5955.645	519.000
5963.645	509.000
5971.645	517.000
5979.645	498.000
5987.646	526.000
5995.646	534.000
6003.646	522.000
6011.646	531.000
6019.646	494.000
6027.646	545.000
6035.647	505.000
6043.647	505.000
6051.647	526.000
6059.647	485.000
6067.647	485.000
6075.647	541.000
6083.648	506.000
6091.648	490.000
6099.648	521.000
6107.648	507.000
6115.648	496.000
6123.648	500.000
6131.649	495.000
6139.649	493.000
6147.649	480.000
6155.649	510.000
6163.649	504.000
6171.649	499.000
6179.650	493.000
6187.650	504.000
6195.650	509.000
6203.650	465.000
6211.650	461.000
6219.650	518.000
6227.651	465.000
6235.651	445.000
6243.651	432.000
6251.651	486.000
6259.651	440.000
6267.651	451.000
6275.652	457.000
6283.652	419.000
6291.652	454.000
6299.652	437.000
6307.652	456.000
6315.652	438.000
6323.653	428.000
6331.653	458.000
6339.653	394.000
6347.653	399.000
6355.653	421.000
6363.653	412.000
6371.654	423.000
6379.654	410.000
6387.654	393.000
6395.654	397.000
6403.654	405.000
6411.654	356.000
6419.655	399.000
6427.655	392.000
6435.655	406.000
6443.655	395.000
6451.655	371.000
6459.655	379.000
6467.656	375.000
6475.656	388.000
6483.656	341.000
6491.656	386.000
6499.656	386.000
6507.656	356.000
6515.657	384.000
6523.657	377.000
6531.657	402.000
6539.657	366.000
6547.657	395.000
6555.657	389.000
6563.658	396.000
6571.658	393.000
6579.658	387.000
6587.658	389.000
6595.658	402.000
6603.658	392.000
6611.659	348.000
6619.659	368.000
6627.659	383.000
6635.659	414.000
6643.659	392.000
6651.659	429.000
6659.660	382.000
6667.660	408.000
6675.660	436.000
6683.660	401.000
6691.660	392.000
6699.660	381.000
6707.661	377.000
6715.661	462.000
6723.661	438.000
6731.661	428.000
6739.661	411.000
6747.661	444.000
6755.662	434.000
6763.662	452.000
6771.662	432.000
6779.662	417.000
6787.662	438.000
6795.662	477.000
6803.663	435.000
6811.663	424.000
6819.663	423.000
6827.663	465.000
6835.663	446.000
6843.663	399.000
6851.664	465.000
6859.664	445.000
6867.664	458.000
6875.664	500.000
6883.664	472.000
6891.664	458.000
6899.665	496.000
6907.665	421.000
6915.665	470.000
6923.665	480.000
6931.665	497.000
6939.665	481.000
6947.666	479.000
6955.666	490.000
6963.666	460.000
6971.666	477.000
6979.666	511.000
6987.666	477.000
6995.667	513.000
7003.667	533.000
7011.667	484.000
7019.667	508.000
7027.667	526.000
7035.667	564.000
7043.668	531.000
7051.668	475.000
7059.668	507.000
7067.668	500.000
7075.668	529.000
7083.668	519.000
7091.669	511.000
7099.669	504.000
7107.669	516.000
7115.669	494.000
7123.669	534.000
7131.669	511.000
7139.670	499.000
7147.670	513.000
7155.670	505.000
7163.670	505.000
7171.670	508.000
7179.670	512.000
7187.671	488.000
7195.671	496.000
7203.671	499.000
7211.671	507.000
7219.671	486.000
7227.671	483.000
7235.672	514.000
7243.672	470.000
7251.672	455.000
7259.672	443.000
7267.672	438.000
7275.672	427.000
7283.673	460.000
7291.673	446.000
7299.673	460.000
7307.673	440.000
7315.673	434.000
7323.673	458.000
7331.674	411.000
7339.674	437.000
7347.674	423.000
7355.674	429.000
7363.674	416.000
7371.674	433.000
7379.675	425.000
7387.675	387.000
7395.675	420.000
7403.675	393.000
7411.675	378.000
7419.675	411.000
7427.676	414.000
7435.676	397.000
7443.676	392.000
7451.676	397.000
7459.676	430.000
7467.676	385.000
7475.677	399.000
7483.677	413.000
7491.677	389.000
7499.677	394.000
7507.677	392.000
7515.677	394.000
7523.678	350.000
7531.678	399.000
7539.678	387.000
7547.678	375.000
7555.678	394.000
7563.678	382.000
7571.679	404.000
7579.679	390.000
7587.679	394.000
7595.679	425.000
7603.679	362.000
7611.679	397.000
7619.680	382.000
7627.680	352.000
7635.680	420.000
7643.680	384.000
7651.680	375.000
7659.680	383.000
7667.681	371.000
7675.681	391.000
7683.681	397.000
7691.681	412.000
7699.681	371.000
7707.681	361.000
7715.682	427.000
7723.682	411.000
7731.682	421.000
7739.682	402.000
7747.682	401.000
7755.682	400.000
7763.683	434.000
7771.683	386.000
7779.683	418.000
7787.683	419.000
7795.683	434.000
7803.683	434.000
7811.684	429.000
7819.684	453.000
7827.684	415.000
7835.684	427.000
7843.684	444.000
7851.684	421.000
7859.685	482.000
7867.685	438.000
7875.685	467.000
7883.685	470.000
7891.685	429.000
7899.685	425.000
7907.686	462.000
7915.686	465.000
7923.686	480.000
7931.686	510.000
7939.686	442.000
7947.686	505.000
7955.687	459.000
7963.687	506.000
7971.687	459.000
7979.687	501.000
7987.687	473.000
7995.687	521.000
8003.688	493.000
8011.688	503.000
8019.688	477.000
8027.688	531.000
8035.688	515.000
8043.688	524.000
8051.689	508.000
8059.689	542.000
8067.689	503.000
8075.689	527.000
8083.689	569.000
8091.689	500.000
8099.690	497.000
8107.690	540.000
8115.690	545.000
8123.690	524.000
8131.690	565.000
8139.690	553.000
8147.691	495.000
8155.691	578.000
8163.691	533.000
8171.691	558.000
8179.691	555.000
8187.691	554.000
8195.692	507.000
8203.692	541.000
8211.692	540.000
8219.692	505.000
8227.692	506.000
8235.692	517.000
8243.693	512.000
8251.693	491.000
8259.693	542.000
8267.693	514.000
8275.693	469.000
8283.693	527.000
8291.694	511.000
8299.694	531.000
8307.694	483.000
8315.694	519.000
8323.694	502.000
8331.694	489.000
8339.695	506.000
8347.695	485.000
8355.695	453.000
8363.695	502.000
8371.695	476.000
8379.695	449.000
8387.696	437.000
8395.696	455.000
8403.696	404.000
8411.696	461.000
8419.696	469.000
8427.696	458.000
8435.697	471.000
8443.697	405.000
8451.697	425.000
8459.697	425.000
8467.697	469.000
8475.697	433.000
8483.698	428.000
8491.698	436.000
8499.698	424.000
8507.698	438.000
8515.698	401.000
8523.698	420.000
8531.699	433.000
8539.699	418.000
8547.699	411.000
8555.699	417.000
8563.699	405.000
8571.699	382.000
8579.700	414.000
8587.700	413.000
8595.700	406.000
8603.700	383.000
8611.700	370.000
8619.700	420.000
8627.701	398.000
8635.701	410.000
8643.701	386.000
8651.701	420.000
8659.701	416.000
8667.701	390.000
8675.702	420.000
8683.702	377.000
8691.702	444.000
8699.702	385.000
8707.702	405.000
8715.702	396.000
8723.703	401.000
8731.703	398.000
8739.703	394.000
8747.703	399.000
8755.703	405.000
8763.703	417.000
8771.704	411.000
8779.704	405.000
8787.704	411.000
8795.704	425.000
8803.704	418.000
8811.704	416.000
8819.705	403.000
8827.705	469.000
8835.705	441.000
8843.705	424.000
8851.705	402.000
8859.705	448.000
8867.706	428.000
8875.706	450.000
8883.706	460.000
8891.706	448.000
8899.706	469.000
8907.706	448.000
8915.707	455.000
8923.707	473.000
8931.707	450.000
8939.707	456.000
8947.707	477.000
8955.707	452.000
8963.708	485.000
8971.708	478.000
8979.708	542.000
8987.708	489.000
8995.708	499.000
9003.708	513.000
9011.709	509.000
9019.709	485.000
9027.709	502.000
9035.709	535.000
9043.709	537.000
9051.709	493.000
9059.710	516.000
9067.710	528.000
9075.710	558.000
9083.710	551.000
9091.710	555.000
9099.710	546.000
9107.711	545.000
9115.711	551.000
9123.711	557.000
9131.711	554.000
9139.711	529.000
9147.711	586.000
9155.712	544.000
9163.712	553.000
9171.712	571.000
9179.712	554.000
9187.712	612.000
9195.712	555.000
9203.713	603.000
9211.713	558.000
9219.713	583.000
9227.713	565.000
9235.713	569.000
9243.713	586.000
9251.714	583.000
9259.714	579.000
9267.714	499.000
9275.714	521.000
9283.714	610.000
9291.714	593.000
9299.715	579.000
9307.715	550.000
9315.715	552.000
9323.715	556.000
9331.715	503.000
9339.715	561.000
9347.716	534.000
9355.716	492.000
9363.716	590.000
9371.716	503.000
9379.716	515.000
9387.716	475.000
9395.717	532.000
9403.717	491.000
9411.717	504.000
9419.717	524.000
9427.717	497.000
9435.717	498.000
9443.718	489.000
9451.718	481.000
9459.718	520.000
9467.718	471.000
9475.718	508.000
9483.718	469.000
9491.719	463.000
9499.719	459.000
9507.719	424.000
9515.719	468.000
9523.719	491.000
9531.719	484.000
9539.720	435.000
9547.720	441.000
9555.720	441.000
9563.720	431.000
9571.720	441.000
9579.720	407.000
9587.721	426.000
9595.721	424.000
9603.721	437.000
9611.721	475.000
9619.721	421.000
9627.721	465.000
9635.722	427.000
9643.722	400.000
9651.722	423.000
9659.722	388.000
9667.722	406.000
9675.722	407.000
9683.723	415.000
9691.723	405.000
9699.723	422.000
9707.723	426.000
9715.723	440.000
9723.723	417.000
9731.724	422.000
9739.724	433.000
9747.724	426.000
9755.724	420.000
9763.724	426.000
9771.724	419.000
9779.725	416.000
9787.725	404.000
9795.725	392.000
9803.725	463.000
9811.725	433.000
9819.725	416.000
9827.726	442.000
9835.726	444.000
9843.726	404.000
9851.726	400.000
9859.726	435.000
9867.726	411.000
9875.727	426.000
9883.727	438.000
9891.727	453.000
9899.727	437.000
9907.727	466.000
9915.727	438.000
9923.728	485.000
9931.728	432.000
9939.728	484.000
9947.728	463.000
9955.728	460.000
9963.728	467.000
9971.729	478.000
9979.729	462.000
9987.729	490.000
9995.729	476.000
10003.729	447.000
10011.729	509.000
10019.730	511.000
10027.730	455.000
10035.730	481.000
10043.730	538.000
10051.730	488.000
10059.730	498.000
10067.731	466.000
10075.731	550.000
10083.731	489.000
10091.731	505.000
10099.731	516.000
10107.731	535.000
10115.732	546.000
10123.732	554.000
10131.732	548.000
10139.732	544.000
10147.732	522.000
10155.732	533.000
10163.733	575.000
10171.733	580.000
10179.733	546.000
10187.733	560.000
10195.733	552.000
10203.733	573.000
10211.734	527.000
10219.734	579.000
10227.734	591.000
10235.734	558.000
10243.734	577.000
10251.734	536.000
10259.735	567.000
10267.735	609.000
10275.735	561.000
10283.735	587.000
10291.735	561.000
10299.735	525.000
10307.736	600.000
10315.736	564.000
10323.736	587.000
10331.736	576.000
10339.736	567.000
10347.736	525.000
10355.737	519.000
10363.737	573.000
10371.737	559.000
10379.737	528.000
10387.737	555.000
10395.737	559.000
10403.738	569.000
10411.738	558.000
10419.738	590.000
10427.738	554.000
10435.738	508.000
10443.738	520.000
10451.739	544.000
10459.739	548.000
10467.739	510.000
10475.739	497.000
10483.739	499.000
10491.739	481.000
10499.740	503.000
10507.740	516.000
10515.740	461.000
10523.740	504.000
10531.740	483.000
10539.740	496.000
10547.741	487.000
10555.741	474.000
10563.741	457.000
10571.741	463.000
10579.741	444.000
10587.741	461.000
10595.742	445.000
10603.742	462.000
10611.742	448.000
10619.742	456.000
10627.742	488.000
10635.742	478.000
10643.743	434.000
10651.743	423.000
10659.743	436.000
10667.743	430.000
10675.743	438.000
10683.743	469.000
10691.744	421.000
10699.744	378.000
10707.744	429.000
10715.744	394.000
10723.744	413.000
10731.744	440.000
10739.745	415.000
10747.745	406.000
10755.745	412.000
10763.745	400.000
10771.745	420.000
10779.745	419.000
10787.746	428.000
10795.746	412.000
10803.746	370.000
10811.746	469.000
10819.746	429.000
10827.746	433.000
10835.747	396.000
10843.747	435.000
10851.747	422.000
10859.747	446.000
10867.747	437.000
10875.747	426.000
10883.748	424.000
10891.748	450.000
10899.748	442.000
10907.748	421.000
10915.748	417.000
10923.748	456.000
10931.749	430.000
10939.749	409.000
10947.749	428.000
10955.749	437.000
10963.749	430.000
10971.749	419.000
10979.750	429.000
10987.750	434.000
10995.750	451.000
11003.750	424.000
11011.750	464.000
11019.750	467.000
11027.751	453.000
11035.751	463.000
11043.751	412.000
11051.751	440.000
11059.751	470.000
11067.751	509.000
11075.752	491.000
11083.752	461.000
11091.752	455.000
11099.752	499.000
11107.752	530.000
11115.752	448.000
11123.753	486.000
11131.753	471.000
11139.753	498.000
11147.753	489.000
11155.753	545.000
11163.753	537.000
11171.754	515.000
11179.754	474.000
11187.754	499.000
11195.754	495.000
11203.754	525.000
11211.754	535.000
11219.755	505.000
11227.755	467.000
11235.755	531.000
11243.755	549.000
11251.755	492.000
11259.755	538.000
11267.756	534.000
11275.756	532.000
11283.756	527.000
11291.756	556.000
11299.756	541.000
11307.756	545.000
11315.757	535.000
11323.757	531.000
11331.757	548.000
11339.757	551.000
11347.757	508.000
11355.757	540.000
11363.758	525.000
11371.758	553.000
11379.758	540.000
11387.758	534.000
11395.758	551.000
11403.758	588.000
11411.759	512.000
11419.759	522.000
11427.759	544.000
11435.759	524.000
11443.759	520.000
11451.759	532.000
11459.760	520.000
11467.760	497.000
11475.760	491.000
11483.760	514.000
11491.760	503.000
11499.760	495.000
11507.761	490.000
11515.761	494.000
11523.761	495.000
11531.761	488.000
11539.761	503.000
11547.761	484.000
11555.762	486.000
11563.762	503.000
11571.762	449.000
11579.762	490.000
11587.762	504.000
11595.762	474.000
11603.763	453.000
11611.763	441.000
11619.763	499.000
11627.763	415.000
11635.763	469.000
11643.763	436.000
11651.764	441.000
11659.764	460.000
11667.764	448.000
11675.764	448.000
11683.764	396.000
11691.764	403.000
11699.765	446.000
11707.765	428.000
11715.765	462.000
11723.765	435.000
11731.765	412.000
11739.765	380.000
11747.766	395.000
11755.766	397.000
11763.766	378.000
11771.766	401.000
11779.766	389.000
11787.766	418.000
11795.767	384.000
11803.767	384.000
11811.767	412.000
11819.767	383.000
11827.767	438.000
11835.767	394.000
11843.768	388.000
11851.768	427.000
11859.768	399.000
11867.768	378.000
11875.768	429.000
11883.768	471.000
11891.769	399.000
11899.769	428.000
11907.769	397.000
11915.769	416.000
11923.769	409.000
11931.769	434.000
11939.770	360.000
11947.770	394.000
11955.770	370.000
11963.770	444.000
11971.770	449.000
11979.770	422.000
11987.771	393.000
11995.771	410.000
12003.771	402.000
12011.771	421.000
12019.771	438.000
12027.771	420.000
12035.772	410.000
12043.772	444.000
12051.772	429.000
12059.772	370.000
12067.772	437.000
12075.772	402.000
12083.773	430.000
12091.773	449.000
12099.773	422.000
12107.773	403.000
12115.773	423.000
12123.773	472.000
12131.774	433.000
12139.774	429.000
12147.774	400.000
12155.774	457.000
12163.774	432.000
12171.774	442.000
12179.775	434.000
12187.775	459.000
12195.775	440.000
12203.775	459.000
12211.775	441.000
12219.775	454.000
12227.776	476.000
12235.776	452.000
12243.776	483.000
12251.776	458.000
12259.776	459.000
12267.776	488.000
12275.777	465.000
12283.777	455.000
12291.777	491.000
12299.777	446.000
12307.777	500.000
12315.777	454.000
12323.778	457.000
12331.778	498.000
12339.778	464.000
12347.778	508.000
12355.778	521.000
12363.778	482.000
12371.779	532.000
12379.779	528.000
12387.779	464.000
12395.779	503.000
12403.779	492.000
12411.779	483.000
12419.780	471.000
12427.780	481.000
12435.780	514.000
12443.780	523.000
12451.780	512.000
12459.780	495.000
12467.781	518.000
12475.781	475.000
12483.781	491.000
12491.781	533.000
12499.781	481.000
12507.781	488.000
12515.782	483.000
12523.782	455.000
12531.782	500.000
12539.782	468.000
12547.782	496.000
12555.782	459.000
12563.783	499.000
12571.783	471.000
12579.783	411.000
12587.783	479.000
12595.783	425.000
12603.783	442.000
12611.784	428.000
12619.784	452.000
12627.784	434.000
12635.784	452.000
12643.784	433.000
12651.784	436.000
12659.785	408.000
12667.785	438.000
12675.785	439.000
12683.785	444.000
12691.785	400.000
12699.785	449.000
12707.786	424.000
12715.786	407.000
12723.786	398.000
12731.786	410.000
12739.786	400.000
12747.786	382.000
12755.787	388.000
12763.787	383.000
12771.787	391.000
12779.787	410.000
12787.787	385.000
12795.787	382.000
12803.788	363.000
12811.788	377.000
12819.788	364.000
12827.788	376.000
12835.788	362.000
12843.788	372.000
12851.789	361.000
12859.789	383.000
12867.789	370.000
12875.789	384.000
12883.789	369.000
12891.789	324.000
12899.790	360.000
12907.790	364.000
12915.790	358.000
12923.790	398.000
12931.790	335.000
12939.790	351.000
12947.791	347.000
12955.791	360.000
12963.791	329.000
12971.791	355.000
12979.791	349.000
12987.791	335.000
12995.792	394.000
13003.792	342.000
13011.792	385.000
13019.792	374.000
13027.792	346.000
13035.792	324.000
13043.793	373.000
13051.793	385.000
13059.793	340.000
13067.793	375.000
13075.793	368.000
13083.793	369.000
13091.794	386.000
13099.794	352.000
13107.794	369.000
13115.794	340.000
13123.794	361.000
13131.794	337.000
13139.795	362.000
13147.795	394.000
13155.795	375.000
13163.795	408.000
13171.795	395.000
13179.795	402.000
13187.796	382.000
13195.796	386.000
13203.796	399.000
13211.796	354.000
13219.796	401.000
13227.796	402.000
13235.797	395.000
13243.797	400.000
13251.797	383.000
13259.797	356.000
13267.797	394.000
13275.797	386.000
13283.798	397.000
13291.798	412.000
13299.798	402.000
13307.798	420.000
13315.798	395.000
13323.798	385.000
13331.799	400.000
13339.799	424.000
13347.799	419.000
13355.799	399.000
13363.799	413.000
13371.799	376.000
13379.800	388.000
13387.800	420.000
13395.800	444.000
13403.800	453.000
13411.800	391.000
13419.800	445.000
13427.801	424.000
13435.801	375.000
13443.801	383.000
13451.801	402.000
13459.801	402.000
13467.801	413.000
13475.802	435.000
13483.802	436.000
13491.802	416.000
13499.802	439.000
13507.802	418.000
13515.802	391.000
13523.803	399.000
13531.803	397.000
13539.803	398.000
13547.803	418.000
13555.803	417.000
13563.803	413.000
13571.804	413.000
13579.804	430.000
13587.804	397.000
13595.804	434.000
13603.804	370.000
13611.804	401.000
13619.805	430.000
13627.805	404.000
13635.805	402.000
13643.805	400.000
13651.805	401.000
13659.805	399.000
13667.806	378.000
13675.806	388.000
13683.806	384.000
13691.806	355.000
13699.806	378.000
13707.806	370.000
13715.807	335.000
13723.807	386.000
13731.807	336.000
13739.807	351.000
13747.807	359.000
13755.807	369.000
13763.808	381.000
13771.808	352.000
13779.808	346.000
13787.808	370.000
13795.808	371.000
13803.808	340.000
13811.809	338.000
13819.809	364.000
13827.809	346.000
13835.809	298.000
13843.809	305.000
13851.809	347.000
13859.810	342.000
13867.810	335.000
13875.810	322.000
13883.810	324.000
13891.810	330.000
13899.810	322.000
13907.811	305.000
13915.811	281.000
13923.811	300.000
13931.811	305.000
13939.811	318.000
13947.811	288.000
13955.812	309.000
13963.812	322.000
13971.812	285.000
13979.812	282.000
13987.812	312.000
13995.812	327.000
14003.813	288.000
14011.813	288.000
14019.813	302.000
14027.813	293.000
14035.813	309.000
14043.813	319.000
14051.814	317.000
14059.814	284.000
14067.814	309.000
14075.814	322.000
14083.814	315.000
14091.814	303.000
14099.815	298.000
14107.815	314.000
14115.815	295.000
14123.815	329.000
14131.815	257.000
14139.815	324.000
14147.816	303.000
14155.816	267.000
14163.816	307.000
14171.816	330.000
14179.816	291.000
14187.816	319.000
14195.817	277.000
14203.817	299.000
14211.817	307.000
14219.817	267.000
14227.817	326.000
14235.817	283.000
14243.818	274.000
14251.818	310.000
14259.818	314.000
14267.818	343.000
14275.818	307.000
14283.818	348.000
14291.819	290.000
14299.819	302.000
14307.819	302.000
14315.819	334.000
14323.819	330.000
14331.819	321.000
14339.820	313.000
14347.820	342.000
14355.820	317.000
14363.820	327.000
14371.820	312.000
14379.820	324.000
14387.821	330.000
14395.821	322.000
14403.821	299.000
14411.821	325.000
14419.821	334.000
14427.821	328.000
14435.822	306.000
14443.822	334.000
14451.822	320.000
14459.822	323.000
14467.822	357.000
14475.822	330.000
14483.823	335.000
14491.823	348.000
14499.823	358.000
14507.823	385.000
14515.823	330.000
14523.823	353.000
14531.824	332.000
14539.824	344.000
14547.824	326.000
14555.824	323.000
14563.824	301.000
14571.824	331.000
14579.825	371.000
14587.825	333.000
14595.825	346.000
14603.825	360.000
14611.825	343.000
14619.825	310.000
14627.826	312.000
14635.826	323.000
14643.826	345.000
14651.826	359.000
14659.826	301.000
14667.826	359.000
14675.827	321.000
14683.827	318.000
14691.827	340.000
14699.827	334.000
14707.827	320.000
14715.827	307.000
14723.828	312.000
14731.828	325.000
14739.828	322.000
14747.828	310.000
14755.828	297.000
14763.828	289.000
14771.829	311.000
14779.829	294.000
14787.829	313.000
14795.829	318.000
14803.829	303.000
14811.829	288.000
14819.830	262.000
14827.830	279.000
14835.830	269.000
14843.830	294.000
14851.830	289.000
14859.830	278.000
14867.831	284.000
14875.831	258.000
14883.831	303.000
14891.831	252.000
14899.831	260.000
14907.831	275.000
14915.832	277.000
14923.832	262.000
14931.832	269.000
14939.832	234.000
14947.832	249.000
14955.832	283.000
14963.833	275.000
14971.833	244.000
14979.833	249.000
14987.833	252.000
14995.833	248.000
15003.833	243.000
15011.834	245.000
15019.834	279.000
15027.834	250.000
15035.834	250.000
15043.834	253.000
15051.834	267.000
15059.835	256.000
15067.835	248.000
15075.835	234.000
15083.835	235.000
15091.835	260.000
15099.835	250.000
15107.836	243.000
15115.836	233.000
15123.836	234.000
15131.836	227.000
15139.836	246.000
15147.836	257.000
15155.837	257.000
15163.837	241.000
15171.837	234.000
15179.837	231.000
15187.837	242.000
15195.837	235.000
15203.838	223.000
15211.838	257.000
15219.838	233.000
15227.838	259.000
15235.838	238.000
15243.838	233.000
15251.839	240.000
15259.839	253.000
15267.839	255.000
15275.839	222.000
15283.839	230.000
15291.839	215.000
15299.840	233.000
15307.840	248.000
15315.840	226.000
15323.840	245.000
15331.840	218.000
15339.840	249.000
15347.841	233.000
15355.841	238.000
15363.841	247.000
15371.841	277.000
15379.841	266.000
15387.841	235.000
15395.842	256.000
15403.842	251.000
15411.842	250.000
15419.842	223.000
15427.842	253.000
15435.842	244.000
15443.843	260.000
15451.843	230.000
15459.843	245.000
15467.843	282.000
15475.843	231.000
15483.843	272.000
15491.844	243.000
15499.844	243.000
15507.844	272.000
15515.844	277.000
15523.844	278.000
15531.844	268.000
15539.845	262.000
15547.845	248.000
15555.845	270.000
15563.845	268.000
15571.845	264.000
15579.845	277.000
15587.846	282.000
15595.846	260.000
15603.846	278.000
15611.846	267.000
15619.846	261.000
15627.846	248.000
15635.847	262.000
15643.847	288.000
15651.847	282.000
15659.847	268.000
15667.847	276.000
15675.847	251.000
15683.848	257.000
15691.848	271.000
15699.848	267.000
15707.848	266.000
15715.848	238.000
15723.848	257.000
15731.849	262.000
15739.849	247.000
15747.849	259.000
15755.849	220.000
15763.849	289.000
15771.849	240.000
15779.850	227.000
15787.850	256.000
15795.850	241.000
15803.850	247.000
15811.850	242.000
15819.850	236.000
15827.851	223.000
15835.851	232.000
15843.851	242.000
15851.851	233.000
15859.851	242.000
15867.851	242.000
15875.852	218.000
15883.852	228.000
15891.852	232.000
15899.852	233.000
15907.852	222.000
15915.852	226.000
15923.853	215.000
15931.853	221.000
15939.853	239.000
15947.853	201.000
15955.853	237.000
15963.853	211.000
15971.854	189.000
15979.854	228.000
15987.854	189.000
15995.854	193.000
16003.854	205.000
16011.854	175.000
16019.855	203.000
16027.855	202.000
16035.855	212.000
16043.855	219.000
16051.855	178.000
16059.855	194.000
16067.856	229.000
16075.856	164.000
16083.856	209.000
16091.856	191.000
16099.856	210.000
16107.856	188.000
16115.857	170.000
16123.857	171.000
16131.857	181.000
16139.857	194.000
16147.857	173.000
16155.857	190.000
16163.858	188.000
16171.858	176.000
16179.858	191.000
16187.858	180.000
16195.858	196.000
16203.858	180.000
16211.859	186.000
16219.859	181.000
16227.859	188.000
16235.859	192.000
16243.859	188.000
16251.859	181.000
16259.860	167.000
16267.860	184.000
16275.860	162.000
16283.860	150.000
16291.860	198.000
16299.860	175.000
16307.861	173.000
16315.861	171.000
16323.861	176.000
16331.861	184.000
16339.861	182.000
16347.861	187.000
16355.862	175.000
16363.862	184.000
16371.862	159.000
16379.862	190.000
16387.862	175.000
16395.862	170.000
16403.863	188.000
16411.863	186.000
16419.863	182.000
16427.863	175.000
16435.863	184.000
16443.863	165.000
16451.864	202.000
16459.864	185.000
16467.864	182.000
16475.864	196.000
16483.864	165.000
16491.864	157.000
16499.865	191.000
16507.865	191.000
16515.865	194.000
16523.865	207.000
16531.865	193.000
16539.865	177.000
16547.866	184.000
16555.866	196.000
16563.866	193.000
16571.866	213.000
16579.866	218.000
16587.866	182.000
16595.867	210.000
16603.867	194.000
16611.867	211.000
16619.867	202.000
16627.867	199.000
16635.867	182.000
16643.868	207.000
16651.868	216.000
16659.868	198.000
16667.868	197.000
16675.868	200.000
16683.868	192.000
16691.869	213.000
16699.869	207.000
16707.869	193.000
16715.869	195.000
16723.869	193.000
16731.869	162.000
16739.870	201.000
16747.870	207.000
16755.870	196.000
16763.870	170.000
16771.870	189.000
16779.870	218.000
16787.871	192.000
16795.871	194.000
16803.871	200.000
16811.871	181.000
16819.871	167.000
16827.871	178.000
16835.872	168.000
16843.872	198.000
16851.872	198.000
16859.872	199.000
16867.872	177.000
16875.872	168.000
16883.873	163.000
16891.873	165.000
16899.873	187.000
16907.873	178.000
16915.873	155.000
16923.873	190.000
16931.874	183.000
16939.874	203.000
16947.874	147.000
16955.874	173.000
16963.874	179.000
16971.874	179.000
16979.875	175.000
16987.875	168.000
16995.875	181.000
17003.875	158.000
17011.875	169.000
17019.875	175.000
17027.876	142.000
17035.876	160.000
17043.876	150.000
17051.876	161.000
17059.876	171.000
17067.876	150.000
17075.877	150.000
17083.877	148.000
17091.877	154.000
17099.877	159.000
17107.877	151.000
17115.877	158.000
17123.878	142.000
17131.878	174.000
17139.878	160.000
17147.878	136.000
17155.878	157.000
17163.878	135.000
17171.879	158.000
17179.879	119.000
17187.879	137.000
17195.879	103.000
17203.879	156.000
17211.879	144.000
17219.880	134.000
17227.880	135.000
17235.880	136.000
17243.880	132.000
17251.880	141.000
17259.880	149.000
17267.881	131.000
17275.881	139.000
17283.881	142.000
17291.881	130.000
17299.881	119.000
17307.881	124.000
17315.882	134.000
17323.882	127.000
17331.882	132.000
17339.882	133.000
17347.882	120.000
17355.882	166.000
17363.883	115.000
17371.883	143.000
17379.883	142.000
17387.883	136.000
17395.883	125.000
17403.883	123.000
17411.884	141.000
17419.884	129.000
17427.884	132.000
17435.884	125.000
17443.884	137.000
17451.884	140.000
17459.885	134.000
17467.885	116.000
17475.885	114.000
17483.885	116.000
17491.885	136.000
17499.885	139.000
17507.886	130.000
17515.886	126.000
17523.886	113.000
17531.886	123.000
17539.886	124.000
17547.886	150.000
17555.887	133.000
17563.887	130.000
17571.887	133.000
17579.887	143.000
17587.887	114.000
17595.887	132.000
17603.888	131.000
17611.888	135.000
17619.888	108.000
17627.888	138.000
17635.888	147.000
17643.888	138.000
17651.889	145.000
17659.889	131.000
17667.889	154.000
17675.889	133.000
17683.889	132.000
17691.889	147.000
17699.890	133.000
17707.890	143.000
17715.890	145.000
17723.890	125.000
17731.890	153.000
17739.890	154.000
17747.891	115.000
17755.891	123.000
17763.891	111.000
17771.891	152.000
17779.891	138.000
17787.891	128.000
17795.892	136.000
17803.892	132.000
17811.892	112.000
17819.892	149.000
17827.892	142.000
17835.892	133.000
17843.893	134.000
17851.893	129.000
17859.893	151.000
17867.893	117.000
17875.893	128.000
17883.893	130.000
17891.894	115.000
17899.894	127.000
17907.894	133.000
17915.894	143.000
17923.894	130.000
17931.894	132.000
17939.895	131.000
17947.895	142.000
17955.895	113.000
17963.895	135.000
17971.895	140.000
17979.895	122.000
17987.896	118.000
17995.896	136.000
18003.896	129.000
18011.896	140.000
18019.896	137.000
18027.896	119.000
18035.897	103.000
18043.897	118.000
18051.897	100.000
18059.897	116.000
18067.897	122.000
18075.897	124.000
18083.898	118.000
18091.898	123.000
18099.898	125.000
18107.898	102.000
18115.898	110.000
18123.898	112.000
18131.899	95.000
18139.899	119.000
18147.899	114.000
18155.899	112.000
18163.899	117.000
18171.899	102.000
18179.900	109.000
18187.900	104.000
18195.900	109.000
18203.900	101.000
18211.900	94.000
18219.900	98.000
18227.901	99.000
18235.901	105.000
18243.901	114.000
18251.901	121.000
18259.901	104.000
18267.901	96.000
18275.902	103.000
18283.902	121.000
18291.902	114.000
18299.902	117.000
18307.902	110.000
18315.902	123.000
18323.903	113.000
18331.903	78.000
18339.903	103.000
18347.903	95.000
18355.903	90.000
18363.903	102.000
18371.904	94.000
18379.904	90.000
18387.904	84.000
18395.904	104.000
18403.904	99.000
18411.904	81.000
18419.905	114.000
18427.905	95.000
18435.905	93.000
18443.905	86.000
18451.905	98.000
18459.905	90.000
18467.906	109.000
18475.906	88.000
18483.906	80.000
18491.906	87.000
18499.906	89.000
18507.906	107.000
18515.907	100.000
18523.907	89.000
18531.907	95.000
18539.907	87.000
18547.907	86.000
18555.907	98.000
18563.908	92.000
18571.908	108.000
18579.908	95.000
18587.908	78.000
18595.908	101.000
18603.908	102.000
18611.909	110.000
18619.909	105.000
18627.909	77.000
18635.909	88.000
18643.909	98.000
18651.909	102.000
18659.910	91.000
18667.910	93.000
18675.910	91.000
18683.910	90.000
18691.910	91.000
18699.910	96.000
18707.911	102.000
18715.911	103.000
18723.911	85.000
18731.911	114.000
18739.911	86.000
18747.911	93.000
18755.912	106.000
18763.912	89.000
18771.912	93.000
18779.912	97.000
18787.912	94.000
18795.912	111.000
18803.913	89.000
18811.913	97.000
18819.913	97.000
18827.913	90.000
18835.913	120.000
18843.913	116.000
18851.914	115.000
18859.914	97.000
18867.914	90.000
18875.914	80.000
18883.914	79.000
18891.914	104.000
18899.915	88.000
18907.915	90.000
18915.915	98.000
18923.915	98.000
18931.915	88.000
18939.915	111.000
18947.916	85.000
18955.916	96.000
18963.916	87.000
18971.916	97.000
18979.916	104.000
18987.916	106.000
18995.917	92.000
19003.917	86.000
19011.917	95.000
19019.917	96.000
19027.917	99.000
19035.917	104.000
19043.918	85.000
19051.918	81.000
19059.918	90.000
19067.918	90.000
19075.918	95.000
19083.918	87.000
19091.919	88.000
19099.919	86.000
19107.919	85.000
19115.919	77.000
19123.919	88.000
19131.919	68.000
19139.920	92.000
19147.920	82.000
19155.920	61.000
19163.920	72.000
19171.920	93.000
19179.920	78.000
19187.921	79.000
19195.921	77.000
19203.921	70.000
19211.921	74.000
19219.921	83.000
19227.921	79.000
19235.922	72.000
19243.922	77.000
19251.922	78.000
19259.922	75.000
19267.922	78.000
19275.922	75.000
19283.923	57.000
19291.923	78.000
19299.923	85.000
19307.923	61.000
19315.923	68.000
19323.923	87.000
19331.924	72.000
19339.924	89.000
19347.924	53.000
19355.924	66.000
19363.924	67.000
19371.924	58.000
19379.925	74.000
19387.925	76.000
19395.925	59.000
19403.925	55.000
19411.925	64.000
19419.925	53.000
19427.926	54.000
19435.926	58.000
19443.926	69.000
19451.926	56.000
19459.926	69.000
19467.926	75.000
19475.927	79.000
19483.927	55.000
19491.927	58.000
19499.927	66.000
19507.927	74.000
19515.927	59.000
19523.928	58.000
19531.928	62.000
19539.928	57.000
19547.928	44.000
19555.928	71.000
19563.928	57.000
19571.929	70.000
19579.929	68.000
19587.929	68.000
19595.929	89.000
19603.929	59.000
19611.929	60.000
19619.930	74.000
19627.930	59.000
19635.930	48.000
19643.930	72.000
19651.930	55.000
19659.930	58.000
19667.931	60.000
19675.931	63.000
19683.931	62.000
19691.931	64.000
19699.931	48.000
19707.931	67.000
19715.932	63.000
19723.932	49.000
19731.932	63.000
19739.932	57.000
19747.932	76.000
19755.932	66.000
19763.933	53.000
19771.933	61.000
19779.933	65.000
19787.933	83.000
19795.933	76.000
19803.933	65.000
19811.934	58.000
19819.934	69.000
19827.934	74.000
19835.934	53.000
19843.934	64.000
19851.934	67.000
19859.935	57.000
19867.935	62.000
19875.935	69.000
19883.935	49.000
19891.935	49.000
19899.935	66.000
19907.936	64.000
19915.936	72.000
19923.936	54.000
19931.936	50.000
19939.936	67.000
19947.936	66.000
19955.937	71.000
19963.937	51.000
19971.937	68.000
19979.937	75.000
19987.937	70.000
19995.937	56.000
20003.938	66.000
20011.938	58.000
20019.938	62.000
20027.938	54.000
20035.938	68.000
20043.938	67.000
20051.939	55.000
20059.939	67.000
20067.939	47.000
20075.939	63.000
20083.939	52.000
20091.939	61.000
20099.940	71.000
20107.940	60.000
20115.940	72.000
20123.940	67.000
20131.940	67.000
20139.940	57.000
20147.941	70.000
20155.941	56.000
20163.941	58.000
20171.941	40.000
20179.941	60.000
20187.941	53.000
20195.942	48.000
20203.942	46.000
20211.942	45.000
20219.942	50.000
20227.942	49.000
20235.942	54.000
20243.943	59.000
20251.943	51.000
20259.943	47.000
20267.943	41.000
20275.943	61.000
20283.943	52.000
20291.944	61.000
20299.944	47.000
20307.944	49.000
20315.944	66.000
20323.944	49.000
20331.944	43.000
20339.945	42.000
20347.945	47.000
20355.945	52.000
20363.945	43.000
20371.945	44.000
20379.945	52.000
20387.946	58.000
20395.946	61.000
20403.946	44.000
20411.946	48.000
20419.946	52.000
20427.946	43.000
20435.947	63.000
20443.947	42.000
20451.947	39.000
20459.947	56.000
20467.947	46.000
20475.947	44.000
20483.948	50.000
20491.948	36.000
20499.948	34.000
20507.948	41.000
20515.948	48.000
20523.948	45.000
20531.949	41.000
20539.949	42.000
20547.949	41.000
20555.949	36.000
20563.949	44.000
20571.949	33.000
20579.950	47.000
20587.950	48.000
20595.950	37.000
20603.950	38.000
20611.950	39.000
20619.950	36.000
20627.951	39.000
20635.951	30.000
20643.951	38.000
20651.951	43.000
20659.951	43.000
20667.951	46.000
20675.952	36.000
20683.952	63.000
20691.952	45.000
20699.952	38.000
20707.952	51.000
20715.952	35.000
20723.953	31.000
20731.953	41.000
20739.953	34.000
20747.953	37.000
20755.953	35.000
20763.953	40.000
20771.954	55.000
20779.954	45.000
20787.954	40.000
20795.954	32.000
20803.954	44.000
20811.954	44.000
20819.955	44.000
20827.955	34.000
20835.955	38.000
20843.955	48.000
20851.955	44.000
20859.955	60.000
20867.956	44.000
20875.956	38.000
20883.956	38.000
20891.956	30.000
20899.956	36.000
20907.956	40.000
20915.957	33.000
20923.957	45.000
20931.957	43.000
20939.957	62.000
20947.957	35.000
20955.957	40.000
20963.958	43.000
20971.958	38.000
20979.958	39.000
20987.958	34.000
20995.958	47.000
21003.958	32.000
21011.959	38.000
21019.959	42.000
21027.959	38.000
21035.959	40.000
21043.959	39.000
21051.959	34.000
21059.960	41.000
21067.960	43.000
21075.960	44.000
21083.960	49.000
21091.960	44.000
21099.960	41.000
21107.961	43.000
21115.961	39.000
21123.961	46.000
21131.961	40.000
21139.961	42.000
21147.961	36.000
21155.962	43.000
21163.962	38.000
21171.962	40.000
21179.962	30.000
21187.962	35.000
21195.962	34.000
21203.963	34.000
21211.963	35.000
21219.963	34.000
21227.963	42.000
21235.963	35.000
21243.963	38.000
21251.964	36.000
21259.964	34.000
21267.964	36.000
21275.964	38.000
21283.964	38.000
21291.964	42.000
21299.965	38.000
21307.965	34.000
21315.965	38.000
21323.965	39.000
21331.965	26.000
21339.965	35.000
21347.966	38.000
21355.966	28.000
21363.966	30.000
21371.966	44.000
21379.966	39.000
21387.966	31.000
21395.967	36.000
21403.967	33.000
21411.967	21.000
21419.967	30.000
21427.967	43.000
21435.967	26.000
21443.968	29.000
21451.968	34.000
21459.968	27.000
21467.968	25.000
21475.968	29.000
21483.968	25.000
21491.969	25.000
21499.969	24.000
21507.969	23.000
21515.969	32.000
21523.969	34.000
21531.969	24.000
21539.970	35.000
21547.970	26.000
21555.970	23.000
21563.970	30.000
21571.970	34.000
21579.970	27.000
21587.971	27.000
21595.971	33.000
21603.971	30.000
21611.971	35.000
21619.971	21.000
21627.971	21.000
21635.972	31.000
21643.972	33.000
21651.972	39.000
21659.972	23.000
21667.972	38.000
21675.972	21.000
21683.973	27.000
21691.973	30.000
21699.973	23.000
21707.973	28.000
21715.973	37.000
21723.973	22.000
21731.974	30.000
21739.974	26.000
21747.974	23.000
21755.974	28.000
21763.974	18.000
21771.974	23.000
21779.975	21.000
21787.975	22.000
21795.975	26.000
21803.975	34.000
21811.975	20.000
21819.975	31.000
21827.976	28.000
21835.976	24.000
21843.976	38.000
21851.976	29.000
21859.976	21.000
21867.976	27.000
21875.977	37.000
21883.977	22.000
21891.977	20.000
21899.977	27.000
21907.977	30.000
21915.977	21.000
21923.978	28.000
21931.978	23.000
21939.978	26.000
21947.978	38.000
21955.978	28.000
21963.978	31.000
21971.979	20.000
21979.979	33.000
21987.979	26.000
21995.979	24.000
22003.979	24.000
22011.979	26.000
22019.980	30.000
22027.980	30.000
22035.980	13.000
22043.980	22.000
22051.980	25.000
22059.980	21.000
22067.981	18.000
22075.981	29.000
22083.981	27.000
22091.981	26.000
22099.981	24.000
22107.981	31.000
22115.982	21.000
22123.982	26.000
22131.982	22.000
22139.982	15.000
22147.982	30.000
22155.982	20.000
22163.983	24.000
22171.983	22.000
22179.983	29.000
22187.983	28.000
22195.983	29.000
22203.983	16.000
22211.984	20.000
22219.984	21.000
22227.984	35.000
22235.984	35.000
22243.984	26.000
22251.984	32.000
22259.985	36.000
22267.985	18.000
22275.985	25.000
22283.985	13.000
22291.985	24.000
22299.985	28.000
22307.986	24.000
22315.986	26.000
22323.986	16.000
22331.986	27.000
22339.986	14.000
22347.986	36.000
22355.987	29.000
22363.987	27.000
22371.987	28.000
22379.987	30.000
22387.987	21.000
22395.987	35.000
22403.988	21.000
22411.988	18.000
22419.988	27.000
22427.988	25.000
22435.988	12.000
22443.988	18.000
22451.989	22.000
22459.989	33.000
22467.989	16.000
22475.989	16.000
22483.989	28.000
22491.989	16.000
22499.990	22.000
22507.990	24.000
22515.990	16.000
22523.990	21.000
22531.990	19.000
22539.990	30.000
22547.991	13.000
22555.991	16.000
22563.991	17.000
22571.991	17.000
22579.991	20.000
22587.991	18.000
22595.992	13.000
22603.992	29.000
22611.992	26.000
22619.992	18.000
22627.992	14.000
22635.992	15.000
22643.993	18.000
22651.993	16.000
22659.993	15.000
22667.993	16.000
22675.993	21.000
22683.993	15.000
22691.994	20.000
22699.994	20.000
22707.994	20.000
22715.994	17.000
22723.994	15.000
22731.994	16.000
22739.995	11.000
22747.995	17.000
22755.995	13.000
22763.995	14.000
22771.995	13.000
22779.995	25.000
22787.996	14.000
22795.996	14.000
22803.996	16.000
22811.996	8.000
22819.996	16.000
22827.996	19.000
22835.997	15.000
22843.997	14.000
22851.997	11.000
22859.997	15.000
22867.997	15.000
22875.997	11.000
22883.998	12.000
22891.998	17.000
22899.998	11.000
22907.998	8.000
22915.998	28.000
22923.998	15.000
22931.999	19.000
22939.999	16.000
22947.999	15.000
22955.999	15.000
22963.999	20.000
22971.999	16.000
22980.000	17.000
22988.000	12.000
22996.000	15.000
