-996.500	0.000
-988.500	0.000
-980.500	0.000
-972.499	0.000
-964.499	0.000
-956.499	0.000
-948.499	1.000
-940.499	0.000
-932.499	0.000
-924.498	0.000
-916.498	0.000
-908.498	0.000
-900.498	0.000
-892.498	0.000
-884.498	0.000
-876.497	0.000
-868.497	0.000
-860.497	0.000
-852.497	1.000
-844.497	1.000
-836.497	1.000
-828.496	0.000
-820.496	1.000
-812.496	0.000
-804.496	2.000
-796.496	2.000
-788.496	1.000
-780.495	3.000
-772.495	0.000
-764.495	0.000
-756.495	1.000
-748.495	1.000
-740.495	1.000
-732.494	3.000
-724.494	2.000
-716.494	3.000
-708.494	4.000
-700.494	4.000
-692.494	4.000
-684.493	3.000
-676.493	3.000
-668.493	8.000
-660.493	8.000
-652.493	5.000
-644.493	4.000
-636.492	8.000
-628.492	10.000
-620.492	4.000
-612.492	9.000
-604.492	15.000
-596.492	11.000
-588.491	13.000
-580.491	20.000
-572.491	18.000
-564.491	28.000
-556.491	25.000
-548.491	29.000
-540.490	43.000
-532.490	30.000
-524.490	42.000
-516.490	35.000
-508.490	60.000
-500.490	53.000
-492.489	61.000
-484.489	71.000
-476.489	86.000
-468.489	84.000
-460.489	88.000
-452.489	100.000
-444.488	116.000
-436.488	115.000
-428.488	134.000
-420.488	158.000
-412.488	172.000
-404.488	200.000
-396.487	204.000
-388.487	286.000
-380.487	257.000
-372.487	291.000
-364.487	336.000
-356.487	364.000
-348.486	367.000
-340.486	391.000
-332.486	502.000
-324.486	507.000
-316.486	547.000
-308.486	585.000
-300.485	647.000
-292.485	681.000
-284.485	771.000
-276.485	814.000
-268.485	890.000
-260.485	960.000
-252.484	1040.000
-244.484	1144.000
-236.484	1157.000
-228.484	1260.000
-220.484	1315.000
-212.484	1407.000
-204.483	1424.000
-196.483	1473.000
-188.483	1615.000
-180.483	1708.000
-172.483	1737.000
-164.483	1837.000
-156.482	1869.000
-148.482	1942.000
-140.482	1940.000
-132.482	2048.000
-124.482	2111.000
-116.482	2202.000
-108.481	2089.000
-100.481	2271.000
-92.481	2389.000
-84.481	2329.000
-76.481	2306.000
-68.481	2362.000
-60.480	2420.000
-52.480	2436.000
-44.480	2431.000
-36.480	2389.000
-28.480	2377.000
-20.480	2331.000
-12.479	2320.000
-4.479	2397.000
3.521	2275.000
11.521	2264.000
19.521	2270.000
27.521	2176.000
35.522	2216.000
43.522	2067.000
51.522	2144.000
59.522	2007.000
67.522	1978.000
75.522	1994.000
83.523	1918.000
91.523	1898.000
99.523	1908.000
107.523	1767.000
115.523	1753.000
123.523	1784.000
131.524	1826.000
139.524	1673.000
147.524	1674.000
155.524	1621.000
163.524	1607.000
171.524	1646.000
179.525	1587.000
187.525	1574.000
195.525	1592.000
203.525	1600.000
211.525	1566.000
219.525	1555.000
227.526	1546.000
235.526	1559.000
243.526	1558.000
251.526	1665.000
259.526	1540.000
267.526	1585.000
275.527	1679.000
283.527	1678.000
291.527	1729.000
299.527	1778.000
307.527	1797.000
315.527	1777.000
323.528	1811.000
331.528	1824.000
339.528	1831.000
347.528	1900.000
355.528	1846.000
363.528	1894.000
371.529	1982.000
379.529	1977.000
387.529	2031.000
395.529	2096.000
403.529	2062.000
411.529	2133.000
419.530	2175.000
427.530	2090.000
435.530	2187.000
443.530	2214.000
451.530	2281.000
459.530	2264.000
467.531	2229.000
475.531	2344.000
483.531	2307.000
491.531	2231.000
499.531	2266.000
507.531	2159.000
515.532	2193.000
523.532	2204.000
531.532	2132.000
539.532	2203.000
547.532	2162.000
555.532	2088.000
563.533	2166.000
571.533	2221.000
579.533	2024.000
587.533	2104.000
595.533	2010.000
603.533	2017.000
611.534	1949.000
619.534	1957.000
627.534	1950.000
635.534	1847.000
643.534	1805.000
651.534	1779.000
659.535	1754.000
667.535	1685.000
675.535	1746.000
683.535	1634.000
691.535	1697.000
699.535	1642.000
707.536	1615.000
715.536	1553.000
723.536	1553.000
731.536	1528.000
739.536	1423.000
747.536	1465.000
755.537	1426.000
763.537	1476.000
771.537	1418.000
779.537	1368.000
787.537	1353.000
795.537	1396.000
803.538	1372.000
811.538	1476.000
819.538	1411.000
827.538	1286.000
835.538	1355.000
843.538	1367.000
851.539	1403.000
859.539	1436.000
867.539	1436.000
875.539	1428.000
883.539	1397.000
891.539	1401.000
899.540	1490.000
907.540	1568.000
915.540	1507.000
923.540	1544.000
931.540	1523.000
939.540	1566.000
947.541	1613.000
955.541	1578.000
963.541	1625.000
971.541	1656.000
979.541	1653.000
987.541	1650.000
995.542	1711.000
1003.542	1701.000
1011.542	1688.000
1019.542	1719.000
1027.542	1744.000
1035.542	1752.000
1043.543	1761.000
1051.543	1816.000
1059.543	1798.000
1067.543	1835.000
1075.543	1842.000
1083.543	1824.000
1091.544	1760.000
1099.544	1764.000
1107.544	1768.000
1115.544	1800.000
1123.544	1726.000
1131.544	1769.000
1139.545	1716.000
1147.545	1771.000
1155.545	1683.000
1163.545	1710.000
1171.545	1700.000
1179.545	1699.000
1187.546	1620.000
1195.546	1585.000
1203.546	1640.000
1211.546	1564.000
1219.546	1510.000
1227.546	1511.000
1235.547	1566.000
1243.547	1502.000
1251.547	1494.000
1259.547	1385.000
1267.547	1459.000
1275.547	1388.000
1283.548	1419.000
1291.548	1307.000
1299.548	1370.000
1307.548	1264.000
1315.548	1237.000
1323.548	1206.000
1331.549	1189.000
1339.549	1180.000
1347.549	1186.000
1355.549	1183.000
1363.549	1188.000
1371.549	1202.000
1379.550	1174.000
1387.550	1165.000
1395.550	1136.000
1403.550	1121.000
1411.550	1194.000
1419.550	1127.000
1427.551	1142.000
1435.551	1156.000
1443.551	1200.000
1451.551	1132.000
1459.551	1164.000
1467.551	1111.000
1475.552	1214.000
1483.552	1140.000
1491.552	1105.000
1499.552	1168.000
1507.552	1182.000
1515.552	1244.000
1523.553	1241.000
1531.553	1216.000
1539.553	1267.000
1547.553	1282.000
1555.553	1311.000
1563.553	1250.000
1571.554	1313.000
1579.554	1327.000
1587.554	1335.000
1595.554	1317.000
1603.554	1390.000
1611.554	1345.000
1619.555	1380.000
1627.555	1348.000
1635.555	1423.000
1643.555	1351.000
1651.555	1455.000
1659.555	1423.000
1667.556	1481.000
1675.556	1395.000
1683.556	1464.000
1691.556	1409.000
1699.556	1500.000
1707.556	1450.000
1715.557	1462.000
1723.557	1466.000
1731.557	1409.000
1739.557	1423.000
1747.557	1432.000
1755.557	1368.000
1763.558	1401.000
1771.558	1401.000
1779.558	1313.000
1787.558	1334.000
1795.558	1309.000
1803.558	1247.000
1811.559	1257.000
1819.559	1196.000
1827.559	1246.000
1835.559	1231.000
1843.559	1187.000
1851.559	1122.000
1859.560	1142.000
1867.560	1169.000
1875.560	1168.000
1883.560	1112.000
1891.560	1123.000
1899.560	1097.000
1907.561	1050.000
1915.561	1050.000
1923.561	948.000
1931.561	1046.000
1939.561	1007.000
1947.561	967.000
1955.562	969.000
1963.562	980.000
1971.562	991.000
1979.562	928.000
1987.562	969.000
1995.562	961.000
2003.563	920.000
2011.563	974.000
2019.563	930.000
2027.563	924.000
2035.563	929.000
2043.563	918.000
2051.564	940.000
2059.564	913.000
2067.564	929.000
2075.564	974.000
2083.564	963.000
2091.564	994.000
2099.565	967.000
2107.565	1031.000
2115.565	962.000
2123.565	999.000
2131.565	1016.000
2139.565	1012.000
2147.566	1082.000
2155.566	1055.000
2163.566	1018.000
2171.566	1052.000
2179.566	1074.000
2187.566	1077.000
2195.567	1128.000
2203.567	1111.000
2211.567	1070.000
2219.567	1122.000
2227.567	1171.000
2235.567	1253.000
2243.568	1168.000
2251.568	1143.000
2259.568	1191.000
2267.568	1226.000
2275.568	1155.000
2283.568	1174.000
2291.569	1208.000
2299.569	1266.000
2307.569	1268.000
2315.569	1241.000
2323.569	1230.000
2331.569	1206.000
2339.570	1153.000
2347.570	1148.000
2355.570	1195.000
2363.570	1179.000
2371.570	1171.000
2379.570	1115.000
2387.571	1172.000
2395.571	1139.000
2403.571	1142.000
2411.571	1080.000
2419.571	1068.000
2427.571	1070.000
2435.572	1094.000
2443.572	1067.000
2451.572	1047.000
2459.572	1047.000
2467.572	1021.000
2475.572	910.000
2483.573	937.000
2491.573	978.000
2499.573	908.000
2507.573	885.000
2515.573	896.000
2523.573	904.000
2531.574	904.000
2539.574	880.000
2547.574	834.000
2555.574	822.000
2563.574	878.000
2571.574	853.000
2579.575	906.000
2587.575	834.000
2595.575	798.000
2603.575	827.000
2611.575	811.000
2619.575	849.000
2627.576	881.000
2635.576	884.000
2643.576	852.000
2651.576	828.000
2659.576	830.000
2667.576	797.000
2675.577	876.000
2683.577	904.000
2691.577	875.000
2699.577	872.000
2707.577	838.000
2715.577	941.000
2723.578	922.000
2731.578	884.000
2739.578	935.000
2747.578	935.000
2755.578	928.000
2763.578	999.000
2771.579	972.000
2779.579	937.000
2787.579	1028.000
2795.579	1015.000
2803.579	1009.000
2811.579	1027.000
2819.580	1095.000
2827.580	1038.000
2835.580	1087.000
2843.580	1056.000
2851.580	1137.000
2859.580	1108.000
2867.581	1114.000
2875.581	1148.000
2883.581	1139.000
2891.581	1092.000
2899.581	1119.000
2907.581	1086.000
2915.582	1095.000
2923.582	1088.000
2931.582	1158.000
2939.582	1130.000
2947.582	1145.000
2955.582	1089.000
2963.583	1091.000
2971.583	1143.000
2979.583	1097.000
2987.583	1104.000
2995.583	1099.000
3003.583	1042.000
3011.584	1083.000
3019.584	1026.000
3027.584	1015.000
3035.584	994.000
3043.584	1054.000
3051.584	1005.000
3059.585	957.000
3067.585	985.000
3075.585	922.000
3083.585	874.000
3091.585	933.000
3099.585	847.000
3107.586	886.000
3115.586	853.000
3123.586	842.000
3131.586	860.000
3139.586	797.000
3147.586	778.000
3155.587	838.000
3163.587	800.000
3171.587	770.000
3179.587	836.000
3187.587	870.000
3195.587	853.000
3203.588	772.000
3211.588	767.000
3219.588	768.000
3227.588	802.000
3235.588	804.000
3243.588	814.000
3251.589	803.000
3259.589	781.000
3267.589	785.000
3275.589	845.000
3283.589	837.000
3291.589	857.000
3299.590	857.000
3307.590	834.000
3315.590	858.000
3323.590	849.000
3331.590	895.000
3339.590	869.000
3347.591	918.000
3355.591	883.000
3363.591	928.000
3371.591	927.000
3379.591	901.000
3387.591	968.000
3395.592	988.000
3403.592	976.000
3411.592	971.000
3419.592	1001.000
3427.592	1016.000
3435.592	1039.000
3443.593	1095.000
3451.593	1060.000
3459.593	1064.000
3467.593	1080.000
3475.593	1166.000
3483.593	1122.000
3491.594	1062.000
3499.594	1073.000
3507.594	1110.000
3515.594	1121.000
3523.594	1199.000
3531.594	1133.000
3539.595	1121.000
3547.595	1121.000
3555.595	1126.000
3563.595	1093.000
3571.595	1115.000
3579.595	1047.000
3587.596	1071.000
3595.596	1076.000
3603.596	1041.000
3611.596	1072.000
3619.596	1139.000
3627.596	1093.000
3635.597	1018.000
3643.597	1033.000
3651.597	1001.000
3659.597	961.000
3667.597	997.000
3675.597	998.000
3683.598	892.000
3691.598	955.000
3699.598	920.000
3707.598	944.000
3715.598	948.000
3723.598	931.000
3731.599	870.000
3739.599	861.000
3747.599	857.000
3755.599	816.000
3763.599	847.000
3771.599	851.000
3779.600	843.000
3787.600	805.000
3795.600	753.000
3803.600	803.000
3811.600	768.000
3819.600	824.000
3827.601	814.000
3835.601	818.000
3843.601	771.000
3851.601	798.000
3859.601	806.000
3867.601	803.000
3875.602	845.000
3883.602	871.000
3891.602	810.000
3899.602	873.000
3907.602	818.000
3915.602	865.000
3923.603	845.000
3931.603	833.000
3939.603	846.000
3947.603	948.000
3955.603	982.000
3963.603	913.000
3971.604	918.000
3979.604	951.000
3987.604	953.000
3995.604	996.000
4003.604	1006.000
4011.604	994.000
4019.605	975.000
4027.605	1000.000
4035.605	1098.000
4043.605	1068.000
4051.605	1074.000
4059.605	1086.000
4067.606	1127.000
4075.606	1095.000
4083.606	1118.000
4091.606	1144.000
4099.606	1147.000
4107.606	1209.000
4115.607	1089.000
4123.607	1100.000
4131.607	1147.000
4139.607	1138.000
4147.607	1160.000
4155.607	1152.000
4163.608	1119.000
4171.608	1146.000
4179.608	1191.000
4187.608	1079.000
4195.608	1132.000
4203.608	1061.000
4211.609	1131.000
4219.609	1012.000
4227.609	1049.000
4235.609	1058.000
4243.609	1108.000
4251.609	1017.000
4259.610	1031.000
4267.610	1030.000
4275.610	993.000
4283.610	1000.000
4291.610	959.000
4299.610	998.000
4307.611	930.000
4315.611	940.000
4323.611	926.000
4331.611	937.000
4339.611	970.000
4347.611	964.000
4355.612	847.000
4363.612	918.000
4371.612	834.000
4379.612	817.000
4387.612	831.000
4395.612	797.000
4403.613	839.000
4411.613	854.000
4419.613	796.000
4427.613	802.000
4435.613	809.000
4443.613	801.000
4451.614	783.000
4459.614	815.000
4467.614	819.000
4475.614	822.000
4483.614	836.000
4491.614	834.000
4499.615	868.000
4507.615	875.000
4515.615	846.000
4523.615	895.000
4531.615	924.000
4539.615	937.000
4547.616	890.000
4555.616	918.000
4563.616	886.000
4571.616	926.000
4579.616	946.000
4587.616	978.000
4595.617	934.000
4603.617	996.000
4611.617	986.000
4619.617	999.000
4627.617	1031.000
4635.617	1103.000
4643.618	1082.000
4651.618	1121.000
4659.618	1075.000
4667.618	1052.000
4675.618	1131.000
4683.618	1071.000
4691.619	1148.000
4699.619	1155.000
4707.619	1153.000
4715.619	1145.000
4723.619	1158.000
4731.619	1166.000
4739.620	1167.000
4747.620	1218.000
4755.620	1130.000
4763.620	1156.000
4771.620	1182.000
4779.620	1146.000
4787.621	1169.000
4795.621	1168.000
4803.621	1165.000
4811.621	1104.000
4819.621	1125.000
4827.621	1089.000
4835.622	1098.000
4843.622	1071.000
4851.622	1019.000
4859.622	1096.000
4867.622	1052.000
4875.622	980.000
4883.623	1032.000
4891.623	1021.000
4899.623	989.000
4907.623	990.000
4915.623	962.000
4923.623	984.000
4931.624	954.000
4939.624	907.000
4947.624	918.000
4955.624	917.000
4963.624	921.000
4971.624	875.000
4979.625	890.000
4987.625	886.000
4995.625	821.000
5003.625	903.000
5011.625	785.000
5019.625	865.000
5027.626	829.000
5035.626	815.000
5043.626	871.000
5051.626	859.000
5059.626	809.000
5067.626	842.000
5075.627	848.000
5083.627	815.000
5091.627	816.000
5099.627	865.000
5107.627	864.000
5115.627	852.000
5123.628	864.000
5131.628	900.000
5139.628	855.000
5147.628	904.000
5155.628	885.000
5163.628	906.000
5171.629	917.000
5179.629	919.000
5187.629	980.000
5195.629	976.000
5203.629	1010.000
5211.629	984.000
5219.630	1002.000
5227.630	997.000
5235.630	1028.000
5243.630	1066.000
5251.630	1051.000
5259.630	1104.000
5267.631	1087.000
5275.631	1027.000
5283.631	1135.000
5291.631	1205.000
5299.631	1129.000
5307.631	1078.000
5315.632	1090.000
5323.632	1158.000
5331.632	1165.000
5339.632	1126.000
5347.632	1110.000
5355.632	1131.000
5363.633	1210.000
5371.633	1123.000
5379.633	1142.000
5387.633	1175.000
5395.633	1133.000
5403.633	1096.000
5411.634	1114.000
5419.634	1160.000
5427.634	1104.000
5435.634	1083.000
5443.634	1099.000
5451.634	1083.000
5459.635	1058.000
5467.635	1042.000
5475.635	1107.000
5483.635	1030.000
5491.635	1065.000
5499.635	1049.000
5507.636	1007.000
5515.636	1003.000
5523.636	953.000
5531.636	963.000
5539.636	961.000
5547.636	961.000
5555.637	890.000
5563.637	911.000
5571.637	898.000
5579.637	890.000
5587.637	836.000
5595.637	867.000
5603.638	874.000
5611.638	886.000
5619.638	826.000
5627.638	860.000
5635.638	861.000
5643.638	860.000
5651.639	806.000
5659.639	837.000
5667.639	851.000
5675.639	837.000
5683.639	845.000
5691.639	826.000
5699.640	894.000
5707.640	807.000
5715.640	820.000
5723.640	856.000
5731.640	910.000
5739.640	865.000
5747.641	867.000
5755.641	869.000
5763.641	905.000
5771.641	887.000
5779.641	889.000
5787.641	917.000
5795.642	952.000
5803.642	928.000
5811.642	1005.000
5819.642	961.000
5827.642	1011.000
5835.642	1049.000
5843.643	1000.000
5851.643	1017.000
5859.643	1021.000
5867.643	1015.000
5875.643	1025.000
5883.643	1068.000
5891.644	1096.000
5899.644	1120.000
5907.644	1153.000
5915.644	1158.000
5923.644	1154.000
5931.644	1158.000
5939.645	1051.000
5947.645	1203.000
5955.645	1145.000
5963.645	1111.000
5971.645	1110.000
5979.645	1085.000
5987.646	1108.000
5995.646	1130.000
6003.646	1183.000
6011.646	1146.000
6019.646	1173.000
6027.646	1072.000
6035.647	1149.000
6043.647	1060.000
6051.647	1109.000
6059.647	1047.000
6067.647	1082.000
6075.647	1126.000
6083.648	1036.000
6091.648	1028.000
6099.648	1019.000
6107.648	978.000
6115.648	995.000
6123.648	968.000
6131.649	928.000
6139.649	1006.000
6147.649	923.000
6155.649	1004.000
6163.649	993.000
6171.649	900.000
6179.650	846.000
6187.650	909.000
6195.650	818.000
6203.650	793.000
6211.650	915.000
6219.650	790.000
6227.651	822.000
6235.651	839.000
6243.651	854.000
6251.651	858.000
6259.651	763.000
6267.651	831.000
6275.652	791.000
6283.652	822.000
6291.652	803.000
6299.652	825.000
6307.652	809.000
6315.652	807.000
6323.653	782.000
6331.653	784.000
6339.653	819.000
6347.653	838.000
6355.653	848.000
6363.653	898.000
6371.654	858.000
6379.654	874.000
6387.654	898.000
6395.654	823.000
6403.654	879.000
6411.654	901.000
6419.655	921.000
6427.655	930.000
6435.655	931.000
6443.655	885.000
6451.655	1014.000
6459.655	975.000
6467.656	992.000
6475.656	1013.000
6483.656	1026.000
6491.656	988.000
6499.656	1089.000
6507.656	1056.000
6515.657	1049.000
6523.657	1061.000
6531.657	1052.000
6539.657	1084.000
6547.657	1072.000
6555.657	1087.000
6563.658	1090.000
6571.658	1128.000
6579.658	1096.000
6587.658	1168.000
6595.658	1099.000
6603.658	1095.000
6611.659	1088.000
6619.659	1166.000
6627.659	1136.000
6635.659	1137.000
6643.659	1033.000
6651.659	1095.000
6659.660	1123.000
6667.660	1025.000
6675.660	1041.000
6683.660	1050.000
6691.660	1012.000
6699.660	1058.000
6707.661	1026.000
6715.661	995.000
6723.661	951.000
6731.661	974.000
6739.661	971.000
6747.661	905.000
6755.662	935.000
6763.662	945.000
6771.662	930.000
6779.662	866.000
6787.662	893.000
6795.662	887.000
6803.663	860.000
6811.663	879.000
6819.663	846.000
6827.663	840.000
6835.663	825.000
6843.663	840.000
6851.664	763.000
6859.664	773.000
6867.664	797.000
6875.664	804.000
6883.664	775.000
6891.664	805.000
6899.665	852.000
6907.665	844.000
6915.665	770.000
6923.665	858.000
6931.665	750.000
6939.665	773.000
6947.666	789.000
6955.666	767.000
6963.666	806.000
6971.666	786.000
6979.666	843.000
6987.666	876.000
6995.667	874.000
7003.667	868.000
7011.667	814.000
7019.667	882.000
7027.667	877.000
7035.667	878.000
7043.668	916.000
7051.668	920.000
7059.668	913.000
7067.668	1003.000
7075.668	957.000
7083.668	966.000
7091.669	948.000
7099.669	930.000
7107.669	973.000
7115.669	969.000
7123.669	1035.000
7131.669	974.000
7139.670	962.000
7147.670	1072.000
7155.670	1035.000
7163.670	1091.000
7171.670	1027.000
7179.670	1072.000
7187.671	1075.000
7195.671	1097.000
7203.671	1084.000
7211.671	1023.000
7219.671	1067.000
7227.671	1087.000
7235.672	1025.000
7243.672	986.000
7251.672	990.000
7259.672	1022.000
7267.672	973.000
7275.672	1019.000
7283.673	969.000
7291.673	973.000
7299.673	981.000
7307.673	968.000
7315.673	910.000
7323.673	912.000
7331.674	920.000
7339.674	894.000
7347.674	941.000
7355.674	931.000
7363.674	847.000
7371.674	851.000
7379.675	871.000
7387.675	845.000
7395.675	854.000
7403.675	806.000
7411.675	792.000
7419.675	763.000
7427.676	765.000
7435.676	751.000
7443.676	775.000
7451.676	781.000
7459.676	751.000
7467.676	755.000
7475.677	694.000
7483.677	742.000
7491.677	716.000
7499.677	760.000
7507.677	734.000
7515.677	755.000
7523.678	677.000
7531.678	735.000
7539.678	759.000
7547.678	749.000
7555.678	781.000
7563.678	735.000
7571.679	754.000
7579.679	731.000
7587.679	740.000
7595.679	774.000
7603.679	727.000
7611.679	737.000
7619.680	765.000
7627.680	751.000
7635.680	753.000
7643.680	814.000
7651.680	819.000
7659.680	834.000
7667.681	886.000
7675.681	877.000
7683.681	859.000
7691.681	844.000
7699.681	869.000
7707.681	848.000
7715.682	884.000
7723.682	922.000
7731.682	906.000
7739.682	839.000
7747.682	906.000
7755.682	940.000
7763.683	938.000
7771.683	981.000
7779.683	931.000
7787.683	995.000
7795.683	945.000
7803.683	947.000
7811.684	1001.000
7819.684	894.000
7827.684	922.000
7835.684	978.000
7843.684	953.000
7851.684	947.000
7859.685	961.000
7867.685	971.000
7875.685	986.000
7883.685	941.000
7891.685	973.000
7899.685	922.000
7907.686	943.000
7915.686	888.000
7923.686	850.000
7931.686	885.000
7939.686	922.000
7947.686	877.000
7955.687	906.000
7963.687	845.000
7971.687	795.000
7979.687	816.000
7987.687	877.000
7995.687	815.000
8003.688	791.000
8011.688	745.000
8019.688	706.000
8027.688	784.000
8035.688	755.000
8043.688	742.000
8051.689	781.000
8059.689	706.000
8067.689	761.000
8075.689	672.000
8083.689	676.000
8091.689	653.000
8099.690	705.000
8107.690	672.000
8115.690	603.000
8123.690	639.000
8131.690	634.000
8139.690	687.000
8147.691	656.000
8155.691	663.000
8163.691	655.000
8171.691	636.000
8179.691	658.000
8187.691	697.000
8195.692	705.000
8203.692	682.000
8211.692	683.000
8219.692	679.000
8227.692	668.000
8235.692	707.000
8243.693	656.000
8251.693	729.000
8259.693	711.000
8267.693	763.000
8275.693	740.000
8283.693	718.000
8291.694	746.000
8299.694	723.000
8307.694	747.000
8315.694	798.000
8323.694	844.000
8331.694	824.000
8339.695	806.000
8347.695	809.000
8355.695	803.000
8363.695	799.000
8371.695	901.000
8379.695	820.000
8387.696	787.000
8395.696	803.000
8403.696	809.000
8411.696	853.000
8419.696	808.000
8427.696	858.000
8435.697	860.000
8443.697	903.000
8451.697	890.000
8459.697	873.000
8467.697	882.000
8475.697	788.000
8483.698	820.000
8491.698	818.000
8499.698	826.000
8507.698	827.000
8515.698	831.000
8523.698	802.000
8531.699	786.000
8539.699	802.000
8547.699	777.000
8555.699	744.000
8563.699	777.000
8571.699	842.000
8579.700	733.000
8587.700	734.000
8595.700	755.000
8603.700	737.000
8611.700	716.000
8619.700	700.000
8627.701	690.000
8635.701	677.000
8643.701	679.000
8651.701	650.000
8659.701	599.000
8667.701	670.000
8675.702	604.000
8683.702	631.000
8691.702	608.000
8699.702	649.000
8707.702	595.000
8715.702	575.000
8723.703	612.000
8731.703	611.000
8739.703	603.000
8747.703	581.000
8755.703	596.000
8763.703	573.000
8771.704	639.000
8779.704	588.000
8787.704	629.000
8795.704	602.000
8803.704	570.000
8811.704	599.000
8819.705	601.000
8827.705	609.000
8835.705	569.000
8843.705	565.000
8851.705	603.000
8859.705	606.000
8867.706	645.000
8875.706	632.000
8883.706	649.000
8891.706	660.000
8899.706	629.000
8907.706	654.000
8915.707	681.000
8923.707	653.000
8931.707	641.000
8939.707	632.000
8947.707	652.000
8955.707	706.000
8963.708	727.000
8971.708	698.000
8979.708	683.000
8987.708	734.000
8995.708	681.000
9003.708	762.000
9011.709	761.000
9019.709	675.000
9027.709	735.000
9035.709	733.000
9043.709	703.000
9051.709	737.000
9059.710	708.000
9067.710	733.000
9075.710	714.000
9083.710	739.000
9091.710	724.000
9099.710	754.000
9107.711	703.000
9115.711	662.000
9123.711	678.000
9131.711	729.000
9139.711	722.000
9147.711	676.000
9155.712	693.000
9163.712	706.000
9171.712	633.000
9179.712	676.000
9187.712	632.000
9195.712	690.000
9203.713	634.000
9211.713	627.000
9219.713	587.000
9227.713	591.000
9235.713	577.000
9243.713	596.000
9251.714	589.000
9259.714	564.000
9267.714	552.000
9275.714	560.000
9283.714	567.000
9291.714	534.000
9299.715	552.000
9307.715	537.000
9315.715	517.000
9323.715	534.000
9331.715	503.000
9339.715	471.000
9347.716	488.000
9355.716	506.000
9363.716	516.000
9371.716	520.000
9379.716	467.000
9387.716	535.000
9395.717	485.000
9403.717	528.000
9411.717	497.000
9419.717	518.000
9427.717	489.000
9435.717	447.000
9443.718	492.000
9451.718	496.000
9459.718	452.000
9467.718	493.000
9475.718	486.000
9483.718	508.000
9491.719	456.000
9499.719	545.000
9507.719	522.000
9515.719	514.000
9523.719	545.000
9531.719	514.000
9539.720	509.000
9547.720	535.000
9555.720	521.000
9563.720	540.000
9571.720	556.000
9579.720	538.000
9587.721	518.000
9595.721	606.000
9603.721	567.000
9611.721	572.000
9619.721	554.000
9627.721	593.000
9635.722	556.000
9643.722	602.000
9651.722	604.000
9659.722	581.000
9667.722	557.000
9675.722	566.000
9683.723	596.000
9691.723	579.000
9699.723	599.000
9707.723	563.000
9715.723	541.000
9723.723	597.000
9731.724	564.000
9739.724	540.000
9747.724	547.000
9755.724	594.000
9763.724	582.000
9771.724	572.000
9779.725	536.000
9787.725	539.000
9795.725	528.000
9803.725	505.000
9811.725	521.000
9819.725	559.000
9827.726	517.000
9835.726	500.000
9843.726	488.000
9851.726	507.000
9859.726	479.000
9867.726	460.000
9875.727	452.000
9883.727	444.000
9891.727	444.000
9899.727	457.000
9907.727	423.000
9915.727	407.000
9923.728	460.000
9931.728	426.000
9939.728	417.000
9947.728	375.000
9955.728	397.000
9963.728	465.000
9971.729	439.000
9979.729	380.000
9987.729	383.000
9995.729	369.000
10003.729	396.000
10011.729	404.000
10019.730	380.000
10027.730	385.000
10035.730	399.000
10043.730	418.000
10051.730	384.000
10059.730	440.000
10067.731	397.000
10075.731	399.000
10083.731	438.000
10091.731	399.000
10099.731	441.000
10107.731	441.000
10115.732	448.000
10123.732	431.000
10131.732	412.000
10139.732	422.000
10147.732	408.000
10155.732	418.000
10163.733	424.000
10171.733	466.000
10179.733	442.000
10187.733	408.000
10195.733	439.000
10203.733	419.000
10211.734	449.000
10219.734	492.000
10227.734	416.000
10235.734	420.000
10243.734	402.000
10251.734	450.000
10259.735	468.000
10267.735	488.000
10275.735	443.000
10283.735	434.000
10291.735	476.000
10299.735	426.000
10307.736	411.000
10315.736	437.000
10323.736	460.000
10331.736	459.000
10339.736	462.000
10347.736	466.000
10355.737	454.000
10363.737	420.000
10371.737	429.000
10379.737	447.000
10387.737	447.000
10395.737	454.000
10403.738	453.000
10411.738	411.000
10419.738	431.000
10427.738	425.000
10435.738	396.000
10443.738	399.000
10451.739	409.000
10459.739	369.000
10467.739	358.000
10475.739	391.000
10483.739	353.000
10491.739	377.000
10499.740	350.000
10507.740	379.000
10515.740	315.000
10523.740	347.000
10531.740	346.000
10539.740	349.000
10547.741	324.000
10555.741	322.000
10563.741	316.000
10571.741	297.000
10579.741	290.000
10587.741	339.000
10595.742	308.000
10603.742	287.000
10611.742	321.000
10619.742	318.000
10627.742	340.000
10635.742	316.000
10643.743	305.000
10651.743	322.000
10659.743	323.000
10667.743	292.000
10675.743	294.000
10683.743	329.000
10691.744	289.000
10699.744	316.000
10707.744	281.000
10715.744	300.000
10723.744	288.000
10731.744	300.000
10739.745	296.000
10747.745	327.000
10755.745	315.000
10763.745	294.000
10771.745	329.000
10779.745	283.000
10787.746	291.000
10795.746	284.000
10803.746	346.000
10811.746	333.000
10819.746	310.000
10827.746	335.000
10835.747	333.000
10843.747	323.000
10851.747	326.000
10859.747	305.000
10867.747	323.000
10875.747	358.000
10883.748	345.000
10891.748	350.000
10899.748	308.000
10907.748	324.000
10915.748	317.000
10923.748	349.000
10931.749	346.000
10939.749	334.000
10947.749	372.000
10955.749	338.000
10963.749	298.000
10971.749	322.000
10979.750	298.000
10987.750	327.000
10995.750	298.000
11003.750	337.000
11011.750	317.000
11019.750	313.000
11027.751	349.000
11035.751	302.000
11043.751	280.000
11051.751	305.000
11059.751	267.000
11067.751	314.000
11075.752	290.000
11083.752	274.000
11091.752	277.000
11099.752	274.000
11107.752	273.000
11115.752	262.000
11123.753	260.000
11131.753	248.000
11139.753	261.000
11147.753	241.000
11155.753	244.000
11163.753	256.000
11171.754	274.000
11179.754	224.000
11187.754	229.000
11195.754	234.000
11203.754	207.000
11211.754	205.000
11219.755	218.000
11227.755	247.000
11235.755	206.000
11243.755	223.000
11251.755	230.000
11259.755	210.000
11267.756	207.000
11275.756	240.000
11283.756	220.000
11291.756	228.000
11299.756	235.000
11307.756	215.000
11315.757	216.000
11323.757	209.000
11331.757	202.000
11339.757	225.000
11347.757	243.000
11355.757	207.000
11363.758	182.000
11371.758	188.000
11379.758	224.000
11387.758	217.000
11395.758	210.000
11403.758	213.000
11411.759	229.000
11419.759	241.000
11427.759	233.000
11435.759	222.000
11443.759	230.000
11451.759	220.000
11459.760	222.000
11467.760	242.000
11475.760	233.000
11483.760	256.000
11491.760	213.000
11499.760	209.000
11507.761	239.000
11515.761	244.000
11523.761	243.000
11531.761	256.000
11539.761	228.000
11547.761	236.000
11555.762	209.000
11563.762	256.000
11571.762	234.000
11579.762	231.000
11587.762	227.000
11595.762	213.000
11603.763	235.000
11611.763	211.000
11619.763	218.000
11627.763	194.000
11635.763	211.000
11643.763	203.000
11651.764	238.000
11659.764	187.000
11667.764	231.000
11675.764	203.000
11683.764	203.000
11691.764	224.000
11699.765	203.000
11707.765	203.000
11715.765	189.000
11723.765	174.000
11731.765	178.000
11739.765	193.000
11747.766	172.000
11755.766	179.000
11763.766	173.000
11771.766	175.000
11779.766	153.000
11787.766	172.000
11795.767	190.000
11803.767	174.000
11811.767	182.000
11819.767	149.000
11827.767	184.000
11835.767	149.000
11843.768	164.000
11851.768	171.000
11859.768	158.000
11867.768	167.000
11875.768	140.000
11883.768	142.000
11891.769	158.000
11899.769	165.000
11907.769	139.000
11915.769	164.000
11923.769	162.000
11931.769	155.000
11939.770	159.000
11947.770	168.000
11955.770	132.000
11963.770	156.000
11971.770	139.000
11979.770	151.000
11987.771	157.000
11995.771	153.000
12003.771	155.000
12011.771	149.000
12019.771	147.000
12027.771	161.000
12035.772	158.000
12043.772	166.000
12051.772	166.000
12059.772	143.000
12067.772	168.000
12075.772	144.000
12083.773	126.000
12091.773	155.000
12099.773	152.000
12107.773	159.000
12115.773	166.000
12123.773	169.000
12131.774	175.000
12139.774	157.000
12147.774	144.000
12155.774	174.000
12163.774	153.000
12171.774	152.000
12179.775	151.000
12187.775	180.000
12195.775	159.000
12203.775	162.000
12211.775	168.000
12219.775	125.000
12227.776	152.000
12235.776	146.000
12243.776	163.000
12251.776	154.000
12259.776	154.000
12267.776	155.000
12275.777	135.000
12283.777	149.000
12291.777	131.000
12299.777	138.000
12307.777	149.000
12315.777	138.000
12323.778	143.000
12331.778	149.000
12339.778	128.000
12347.778	128.000
12355.778	122.000
12363.778	120.000
12371.779	112.000
12379.779	134.000
12387.779	119.000
12395.779	115.000
12403.779	131.000
12411.779	120.000
12419.780	115.000
12427.780	135.000
12435.780	111.000
12443.780	110.000
12451.780	106.000
12459.780	112.000
12467.781	120.000
12475.781	105.000
12483.781	99.000
12491.781	108.000
12499.781	109.000
12507.781	95.000
12515.782	97.000
12523.782	99.000
12531.782	95.000
12539.782	101.000
12547.782	99.000
12555.782	91.000
12563.783	104.000
12571.783	104.000
12579.783	96.000
12587.783	104.000
12595.783	103.000
12603.783	91.000
12611.784	96.000
12619.784	104.000
12627.784	90.000
12635.784	97.000
12643.784	98.000
12651.784	131.000
12659.785	98.000
12667.785	98.000
12675.785	94.000
12683.785	107.000
12691.785	113.000
12699.785	104.000
12707.786	91.000
12715.786	130.000
12723.786	89.000
12731.786	105.000
12739.786	90.000
12747.786	119.000
12755.787	114.000
12763.787	120.000
12771.787	99.000
12779.787	108.000
12787.787	108.000
12795.787	104.000
12803.788	113.000
12811.788	95.000
12819.788	107.000
12827.788	99.000
12835.788	116.000
12843.788	103.000
12851.789	97.000
12859.789	90.000
12867.789	97.000
12875.789	82.000
12883.789	101.000
12891.789	87.000
12899.790	101.000
12907.790	112.000
12915.790	103.000
12923.790	101.000
12931.790	79.000
12939.790	79.000
12947.791	93.000
12955.791	94.000
12963.791	78.000
12971.791	67.000
12979.791	74.000
12987.791	82.000
12995.792	83.000
13003.792	85.000
13011.792	66.000
13019.792	82.000
13027.792	72.000
13035.792	74.000
13043.793	74.000
13051.793	71.000
13059.793	70.000
13067.793	78.000
13075.793	59.000
13083.793	64.000
13091.794	73.000
13099.794	76.000
13107.794	65.000
13115.794	60.000
13123.794	64.000
13131.794	56.000
13139.795	64.000
13147.795	66.000
13155.795	72.000
13163.795	56.000
13171.795	71.000
13179.795	64.000
13187.796	60.000
13195.796	66.000
13203.796	65.000
13211.796	63.000
13219.796	47.000
13227.796	63.000
13235.797	69.000
13243.797	58.000
13251.797	76.000
13259.797	61.000
13267.797	56.000
13275.797	93.000
13283.798	63.000
13291.798	60.000
13299.798	60.000
13307.798	65.000
13315.798	67.000
13323.798	73.000
13331.799	73.000
13339.799	67.000
13347.799	62.000
13355.799	70.000
13363.799	59.000
13371.799	77.000
13379.800	50.000
13387.800	59.000
13395.800	68.000
13403.800	58.000
13411.800	71.000
13419.800	60.000
13427.801	73.000
13435.801	55.000
13443.801	76.000
13451.801	60.000
13459.801	57.000
13467.801	57.000
13475.802	48.000
13483.802	67.000
13491.802	63.000
13499.802	51.000
13507.802	66.000
13515.802	63.000
13523.803	57.000
13531.803	57.000
13539.803	57.000
13547.803	48.000
13555.803	63.000
13563.803	57.000
13571.804	50.000
13579.804	61.000
13587.804	50.000
13595.804	40.000
13603.804	53.000
13611.804	40.000
13619.805	56.000
13627.805	49.000
13635.805	55.000
13643.805	47.000
13651.805	53.000
13659.805	38.000
13667.806	53.000
13675.806	40.000
13683.806	34.000
13691.806	39.000
13699.806	47.000
13707.806	40.000
13715.807	37.000
13723.807	47.000
13731.807	36.000
13739.807	44.000
13747.807	50.000
13755.807	43.000
13763.808	43.000
13771.808	34.000
13779.808	41.000
13787.808	39.000
13795.808	38.000
13803.808	43.000
13811.809	38.000
13819.809	43.000
13827.809	38.000
13835.809	47.000
13843.809	33.000
13851.809	35.000
13859.810	36.000
13867.810	33.000
13875.810	39.000
13883.810	55.000
13891.810	42.000
13899.810	36.000
13907.811	42.000
13915.811	40.000
13923.811	33.000
13931.811	31.000
13939.811	35.000
13947.811	34.000
13955.812	31.000
13963.812	48.000
13971.812	35.000
13979.812	42.000
13987.812	42.000
13995.812	35.000
14003.813	42.000
14011.813	35.000
14019.813	43.000
14027.813	45.000
14035.813	36.000
14043.813	42.000
14051.814	39.000
14059.814	32.000
14067.814	30.000
14075.814	35.000
14083.814	42.000
14091.814	38.000
14099.815	40.000
14107.815	32.000
14115.815	31.000
14123.815	39.000
14131.815	34.000
14139.815	32.000
14147.816	37.000
14155.816	32.000
14163.816	35.000
14171.816	34.000
14179.816	25.000
14187.816	41.000
14195.817	27.000
14203.817	31.000
14211.817	35.000
14219.817	35.000
14227.817	22.000
14235.817	31.000
14243.818	27.000
14251.818	31.000
14259.818	29.000
14267.818	26.000
14275.818	32.000
14283.818	35.000
14291.819	26.000
14299.819	34.000
14307.819	24.000
14315.819	24.000
14323.819	39.000
14331.819	26.000
14339.820	31.000
14347.820	31.000
14355.820	21.000
14363.820	40.000
14371.820	21.000
14379.820	26.000
14387.821	33.000
14395.821	25.000
14403.821	17.000
14411.821	19.000
14419.821	21.000
14427.821	20.000
14435.822	28.000
14443.822	22.000
14451.822	25.000
14459.822	24.000
14467.822	27.000
14475.822	17.000
14483.823	24.000
14491.823	21.000
14499.823	20.000
14507.823	25.000
14515.823	25.000
14523.823	27.000
14531.824	26.000
14539.824	27.000
14547.824	15.000
14555.824	31.000
14563.824	23.000
14571.824	21.000
14579.825	36.000
14587.825	19.000
14595.825	24.000
14603.825	39.000
14611.825	38.000
14619.825	22.000
14627.826	30.000
14635.826	22.000
14643.826	21.000
14651.826	30.000
14659.826	16.000
14667.826	16.000
14675.827	21.000
14683.827	24.000
14691.827	21.000
14699.827	26.000
14707.827	24.000
14715.827	24.000
14723.828	22.000
14731.828	20.000
14739.828	25.000
14747.828	40.000
14755.828	25.000
14763.828	11.000
14771.829	18.000
14779.829	11.000
14787.829	28.000
14795.829	13.000
14803.829	20.000
14811.829	20.000
14819.830	19.000
14827.830	16.000
14835.830	25.000
14843.830	21.000
14851.830	13.000
14859.830	21.000
14867.831	21.000
14875.831	19.000
14883.831	12.000
14891.831	17.000
14899.831	12.000
14907.831	23.000
14915.832	16.000
14923.832	17.000
14931.832	19.000
14939.832	14.000
14947.832	14.000
14955.832	10.000
14963.833	14.000
14971.833	14.000
14979.833	13.000
14987.833	16.000
14995.833	16.000
15003.833	12.000
15011.834	16.000
15019.834	12.000
15027.834	12.000
15035.834	16.000
15043.834	14.000
15051.834	13.000
15059.835	12.000
15067.835	13.000
15075.835	15.000
15083.835	14.000
15091.835	17.000
15099.835	14.000
15107.836	15.000
15115.836	7.000
15123.836	6.000
15131.836	14.000
15139.836	14.000
15147.836	14.000
15155.837	14.000
15163.837	12.000
15171.837	9.000
15179.837	15.000
15187.837	14.000
15195.837	14.000
15203.838	12.000
15211.838	16.000
15219.838	7.000
15227.838	13.000
15235.838	12.000
15243.838	15.000
15251.839	18.000
15259.839	18.000
15267.839	9.000
15275.839	19.000
15283.839	17.000
15291.839	16.000
15299.840	18.000
15307.840	11.000
15315.840	13.000
15323.840	10.000
15331.840	11.000
15339.840	9.000
15347.841	13.000
15355.841	5.000
15363.841	7.000
15371.841	17.000
15379.841	12.000
15387.841	10.000
15395.842	21.000
15403.842	13.000
15411.842	8.000
15419.842	12.000
15427.842	8.000
15435.842	6.000
15443.843	11.000
15451.843	8.000
15459.843	13.000
15467.843	9.000
15475.843	7.000
15483.843	13.000
15491.844	13.000
15499.844	14.000
15507.844	9.000
15515.844	15.000
15523.844	8.000
15531.844	6.000
15539.845	11.000
15547.845	16.000
15555.845	6.000
15563.845	4.000
15571.845	11.000
15579.845	11.000
15587.846	6.000
15595.846	11.000
15603.846	14.000
15611.846	7.000
15619.846	6.000
15627.846	4.000
15635.847	7.000
15643.847	6.000
15651.847	10.000
15659.847	11.000
15667.847	11.000
15675.847	6.000
15683.848	4.000
15691.848	9.000
15699.848	4.000
15707.848	7.000
15715.848	11.000
15723.848	10.000
15731.849	9.000
15739.849	6.000
15747.849	9.000
15755.849	9.000
15763.849	9.000
15771.849	7.000
15779.850	6.000
15787.850	3.000
15795.850	9.000
15803.850	9.000
15811.850	8.000
15819.850	5.000
15827.851	7.000
15835.851	8.000
15843.851	5.000
15851.851	8.000
15859.851	5.000
15867.851	8.000
15875.852	6.000
15883.852	4.000
15891.852	9.000
15899.852	5.000
15907.852	8.000
15915.852	12.000
15923.853	13.000
15931.853	7.000
15939.853	9.000
15947.853	6.000
15955.853	9.000
15963.853	5.000
15971.854	5.000
15979.854	8.000
15987.854	8.000
15995.854	10.000
16003.854	2.000
16011.854	7.000
16019.855	9.000
16027.855	8.000
16035.855	6.000
16043.855	4.000
16051.855	5.000
16059.855	6.000
16067.856	2.000
16075.856	6.000
16083.856	5.000
16091.856	8.000
16099.856	10.000
16107.856	8.000
16115.857	8.000
16123.857	4.000
16131.857	1.000
16139.857	3.000
16147.857	6.000
16155.857	5.000
16163.858	4.000
16171.858	9.000
16179.858	3.000
16187.858	7.000
16195.858	3.000
16203.858	7.000
16211.859	4.000
16219.859	0.000
16227.859	5.000
16235.859	4.000
16243.859	5.000
16251.859	4.000
16259.860	1.000
16267.860	4.000
16275.860	5.000
16283.860	11.000
16291.860	1.000
16299.860	7.000
16307.861	4.000
16315.861	2.000
16323.861	3.000
16331.861	7.000
16339.861	0.000
16347.861	9.000
16355.862	2.000
16363.862	5.000
16371.862	4.000
16379.862	4.000
16387.862	9.000
16395.862	2.000
16403.863	6.000
16411.863	6.000
16419.863	3.000
16427.863	2.000
16435.863	7.000
16443.863	5.000
16451.864	0.000
16459.864	4.000
16467.864	1.000
16475.864	4.000
16483.864	5.000
16491.864	5.000
16499.865	7.000
16507.865	6.000
16515.865	3.000
16523.865	6.000
16531.865	6.000
16539.865	2.000
16547.866	3.000
16555.866	1.000
16563.866	3.000
16571.866	4.000
16579.866	4.000
16587.866	2.000
16595.867	6.000
16603.867	4.000
16611.867	1.000
16619.867	2.000
16627.867	5.000
16635.867	1.000
16643.868	1.000
16651.868	8.000
16659.868	3.000
16667.868	4.000
16675.868	0.000
16683.868	3.000
16691.869	7.000
16699.869	3.000
16707.869	2.000
16715.869	3.000
16723.869	3.000
16731.869	1.000
16739.870	4.000
16747.870	3.000
16755.870	2.000
16763.870	2.000
16771.870	2.000
16779.870	3.000
16787.871	2.000
16795.871	0.000
16803.871	0.000
16811.871	2.000
16819.871	2.000
16827.871	5.000
16835.872	1.000
16843.872	4.000
16851.872	2.000
16859.872	2.000
16867.872	2.000
16875.872	4.000
16883.873	4.000
16891.873	1.000
16899.873	5.000
16907.873	3.000
16915.873	3.000
16923.873	1.000
16931.874	3.000
16939.874	2.000
16947.874	1.000
16955.874	3.000
16963.874	2.000
16971.874	1.000
16979.875	4.000
16987.875	3.000
16995.875	2.000
17003.875	1.000
17011.875	0.000
17019.875	1.000
17027.876	1.000
17035.876	3.000
17043.876	3.000
17051.876	2.000
17059.876	2.000
17067.876	2.000
17075.877	2.000
17083.877	4.000
17091.877	3.000
17099.877	5.000
17107.877	5.000
17115.877	5.000
17123.878	3.000
17131.878	0.000
17139.878	7.000
17147.878	2.000
17155.878	0.000
17163.878	0.000
17171.879	2.000
17179.879	1.000
17187.879	3.000
17195.879	3.000
17203.879	0.000
17211.879	4.000
17219.880	0.000
17227.880	0.000
17235.880	2.000
17243.880	3.000
17251.880	1.000
17259.880	2.000
17267.881	2.000
17275.881	2.000
17283.881	1.000
17291.881	1.000
17299.881	0.000
17307.881	0.000
17315.882	3.000
17323.882	1.000
17331.882	3.000
17339.882	1.000
17347.882	2.000
17355.882	1.000
17363.883	3.000
17371.883	3.000
17379.883	2.000
17387.883	2.000
17395.883	1.000
17403.883	0.000
17411.884	5.000
17419.884	1.000
17427.884	0.000
17435.884	1.000
17443.884	1.000
17451.884	4.000
17459.885	0.000
17467.885	4.000
17475.885	1.000
17483.885	3.000
17491.885	2.000
17499.885	0.000
17507.886	1.000
17515.886	0.000
17523.886	0.000
17531.886	3.000
17539.886	0.000
17547.886	0.000
17555.887	4.000
17563.887	0.000
17571.887	1.000
17579.887	0.000
17587.887	2.000
17595.887	0.000
17603.888	1.000
17611.888	1.000
17619.888	1.000
17627.888	3.000
17635.888	1.000
17643.888	1.000
17651.889	0.000
17659.889	1.000
17667.889	0.000
17675.889	1.000
17683.889	1.000
17691.889	2.000
17699.890	2.000
17707.890	1.000
17715.890	0.000
17723.890	0.000
17731.890	4.000
17739.890	1.000
17747.891	1.000
17755.891	0.000
17763.891	0.000
17771.891	0.000
17779.891	1.000
17787.891	1.000
17795.892	2.000
17803.892	0.000
17811.892	1.000
17819.892	0.000
17827.892	0.000
17835.892	0.000
17843.893	2.000
17851.893	0.000
17859.893	0.000
17867.893	0.000
17875.893	1.000
17883.893	1.000
17891.894	0.000
17899.894	2.000
17907.894	0.000
17915.894	0.000
17923.894	2.000
17931.894	0.000
17939.895	0.000
17947.895	2.000
17955.895	0.000
17963.895	1.000
17971.895	0.000
17979.895	0.000
17987.896	2.000
17995.896	0.000
18003.896	0.000
18011.896	1.000
18019.896	1.000
18027.896	0.000
18035.897	1.000
18043.897	0.000
18051.897	1.000
18059.897	0.000
18067.897	1.000
18075.897	0.000
18083.898	0.000
18091.898	0.000
18099.898	1.000
18107.898	1.000
18115.898	0.000
18123.898	0.000
18131.899	0.000
18139.899	0.000
18147.899	0.000
18155.899	0.000
18163.899	0.000
18171.899	0.000
18179.900	0.000
18187.900	0.000
18195.900	0.000
18203.900	1.000
18211.900	0.000
18219.900	1.000
18227.901	0.000
18235.901	0.000
18243.901	0.000
18251.901	0.000
18259.901	2.000
18267.901	0.000
18275.902	1.000
18283.902	0.000
18291.902	0.000
18299.902	0.000
18307.902	1.000
18315.902	1.000
18323.903	1.000
18331.903	0.000
18339.903	1.000
18347.903	0.000
18355.903	1.000
18363.903	0.000
18371.904	0.000
18379.904	0.000
18387.904	3.000
18395.904	1.000
18403.904	0.000
18411.904	0.000
18419.905	1.000
18427.905	0.000
18435.905	1.000
18443.905	1.000
18451.905	0.000
18459.905	0.000
18467.906	0.000
18475.906	0.000
18483.906	1.000
18491.906	0.000
18499.906	1.000
18507.906	0.000
18515.907	0.000
18523.907	0.000
18531.907	3.000
18539.907	0.000
18547.907	0.000
18555.907	0.000
18563.908	0.000
18571.908	0.000
18579.908	1.000
18587.908	0.000
18595.908	0.000
18603.908	0.000
18611.909	1.000
18619.909	0.000
18627.909	0.000
18635.909	0.000
18643.909	0.000
18651.909	1.000
18659.910	0.000
18667.910	0.000
18675.910	1.000
18683.910	0.000
18691.910	0.000
18699.910	0.000
18707.911	0.000
18715.911	0.000
18723.911	0.000
18731.911	1.000
18739.911	1.000
18747.911	0.000
18755.912	0.000
18763.912	2.000
18771.912	1.000
18779.912	0.000
18787.912	2.000
18795.912	0.000
18803.913	1.000
18811.913	0.000
18819.913	0.000
18827.913	1.000
18835.913	0.000
18843.913	3.000
18851.914	0.000
18859.914	0.000
18867.914	0.000
18875.914	0.000
18883.914	0.000
18891.914	1.000
18899.915	1.000
18907.915	0.000
18915.915	2.000
18923.915	0.000
18931.915	0.000
18939.915	1.000
18947.916	0.000
18955.916	1.000
18963.916	0.000
18971.916	0.000
18979.916	0.000
18987.916	0.000
18995.917	1.000
19003.917	1.000
19011.917	0.000
19019.917	0.000
19027.917	0.000
19035.917	0.000
19043.918	1.000
19051.918	0.000
19059.918	0.000
19067.918	0.000
19075.918	0.000
19083.918	0.000
19091.919	0.000
19099.919	0.000
19107.919	0.000
19115.919	1.000
19123.919	1.000
19131.919	0.000
19139.920	0.000
19147.920	1.000
19155.920	0.000
19163.920	0.000
19171.920	0.000
19179.920	1.000
19187.921	1.000
19195.921	0.000
19203.921	0.000
19211.921	0.000
19219.921	0.000
19227.921	0.000
19235.922	1.000
19243.922	0.000
19251.922	0.000
19259.922	0.000
19267.922	0.000
19275.922	0.000
19283.923	0.000
19291.923	0.000
19299.923	0.000
19307.923	0.000
19315.923	0.000
19323.923	0.000
19331.924	0.000
19339.924	0.000
19347.924	0.000
19355.924	0.000
19363.924	0.000
19371.924	0.000
19379.925	0.000
19387.925	0.000
19395.925	0.000
19403.925	0.000
19411.925	2.000
19419.925	1.000
19427.926	0.000
19435.926	0.000
19443.926	0.000
19451.926	0.000
19459.926	0.000
19467.926	0.000
19475.927	0.000
19483.927	0.000
19491.927	0.000
19499.927	0.000
19507.927	0.000
19515.927	0.000
19523.928	0.000
19531.928	0.000
19539.928	1.000
19547.928	0.000
19555.928	1.000
19563.928	0.000
19571.929	1.000
19579.929	1.000
19587.929	0.000
19595.929	0.000
19603.929	0.000
19611.929	0.000
19619.930	0.000
19627.930	0.000
19635.930	0.000
19643.930	0.000
19651.930	0.000
19659.930	0.000
19667.931	0.000
19675.931	1.000
19683.931	0.000
19691.931	0.000
19699.931	0.000
19707.931	1.000
19715.932	0.000
19723.932	0.000
19731.932	0.000
19739.932	0.000
19747.932	0.000
19755.932	0.000
19763.933	0.000
19771.933	0.000
19779.933	0.000
19787.933	0.000
19795.933	0.000
19803.933	0.000
19811.934	0.000
19819.934	0.000
19827.934	1.000
19835.934	0.000
19843.934	0.000
19851.934	0.000
19859.935	0.000
19867.935	0.000
19875.935	0.000
19883.935	0.000
19891.935	0.000
19899.935	0.000
19907.936	0.000
19915.936	0.000
19923.936	0.000
19931.936	1.000
19939.936	0.000
19947.936	0.000
19955.937	0.000
19963.937	0.000
19971.937	0.000
19979.937	0.000
19987.937	0.000
19995.937	0.000
20003.938	0.000
20011.938	0.000
20019.938	0.000
20027.938	0.000
20035.938	0.000
20043.938	0.000
20051.939	0.000
20059.939	0.000
20067.939	0.000
20075.939	0.000
20083.939	0.000
20091.939	0.000
20099.940	0.000
20107.940	0.000
20115.940	0.000
20123.940	0.000
20131.940	0.000
20139.940	0.000
20147.941	0.000
20155.941	0.000
20163.941	0.000
20171.941	0.000
20179.941	0.000
20187.941	0.000
20195.942	0.000
20203.942	0.000
20211.942	0.000
20219.942	0.000
20227.942	0.000
20235.942	0.000
20243.943	0.000
20251.943	0.000
20259.943	0.000
20267.943	0.000
20275.943	0.000
20283.943	0.000
20291.944	0.000
20299.944	1.000
20307.944	0.000
20315.944	0.000
20323.944	0.000
20331.944	0.000
20339.945	0.000
20347.945	0.000
20355.945	0.000
20363.945	0.000
20371.945	0.000
20379.945	0.000
20387.946	0.000
20395.946	0.000
20403.946	0.000
20411.946	0.000
20419.946	0.000
20427.946	0.000
20435.947	0.000
20443.947	1.000
20451.947	0.000
20459.947	0.000
20467.947	0.000
20475.947	0.000
20483.948	0.000
20491.948	0.000
20499.948	0.000
20507.948	0.000
20515.948	0.000
20523.948	1.000
20531.949	0.000
20539.949	0.000
20547.949	0.000
20555.949	0.000
20563.949	0.000
20571.949	0.000
20579.950	0.000
20587.950	0.000
20595.950	0.000
20603.950	0.000
20611.950	0.000
20619.950	0.000
20627.951	0.000
20635.951	0.000
20643.951	0.000
20651.951	0.000
20659.951	0.000
20667.951	0.000
20675.952	0.000
20683.952	0.000
20691.952	0.000
20699.952	0.000
20707.952	0.000
20715.952	0.000
20723.953	0.000
20731.953	0.000
20739.953	0.000
20747.953	0.000
20755.953	0.000
20763.953	0.000
20771.954	0.000
20779.954	0.000
20787.954	0.000
20795.954	0.000
20803.954	0.000
20811.954	0.000
20819.955	0.000
20827.955	0.000
20835.955	0.000
20843.955	0.000
20851.955	0.000
20859.955	0.000
20867.956	0.000
20875.956	0.000
20883.956	0.000
20891.956	0.000
20899.956	0.000
20907.956	0.000
20915.957	0.000
20923.957	0.000
20931.957	0.000
20939.957	0.000
20947.957	0.000
20955.957	0.000
20963.958	0.000
20971.958	0.000
20979.958	0.000
20987.958	0.000
20995.958	0.000
21003.958	0.000
21011.959	0.000
21019.959	0.000
21027.959	0.000
21035.959	0.000
21043.959	0.000
21051.959	0.000
21059.960	0.000
21067.960	0.000
21075.960	0.000
21083.960	0.000
21091.960	1.000
21099.960	0.000
21107.961	0.000
21115.961	0.000
21123.961	0.000
21131.961	0.000
21139.961	0.000
21147.961	0.000
21155.962	0.000
21163.962	0.000
21171.962	0.000
21179.962	0.000
21187.962	0.000
21195.962	0.000
21203.963	1.000
21211.963	0.000
21219.963	0.000
21227.963	0.000
21235.963	0.000
21243.963	0.000
21251.964	0.000
21259.964	0.000
21267.964	0.000
21275.964	0.000
21283.964	0.000
21291.964	0.000
21299.965	0.000
21307.965	0.000
21315.965	0.000
21323.965	0.000
21331.965	0.000
21339.965	0.000
21347.966	0.000
21355.966	0.000
21363.966	1.000
21371.966	0.000
21379.966	0.000
21387.966	0.000
21395.967	0.000
21403.967	0.000
21411.967	0.000
21419.967	0.000
21427.967	0.000
21435.967	0.000
21443.968	0.000
21451.968	0.000
21459.968	0.000
21467.968	0.000
21475.968	0.000
21483.968	0.000
21491.969	0.000
21499.969	0.000
21507.969	0.000
21515.969	0.000
21523.969	0.000
21531.969	0.000
21539.970	0.000
21547.970	0.000
21555.970	0.000
21563.970	0.000
21571.970	0.000
21579.970	0.000
21587.971	0.000
21595.971	0.000
21603.971	0.000
21611.971	0.000
21619.971	0.000
21627.971	0.000
21635.972	0.000
21643.972	0.000
21651.972	0.000
21659.972	0.000
21667.972	0.000
21675.972	0.000
21683.973	0.000
21691.973	0.000
21699.973	0.000
21707.973	0.000
21715.973	1.000
21723.973	0.000
21731.974	0.000
21739.974	0.000
21747.974	0.000
21755.974	0.000
21763.974	0.000
21771.974	0.000
21779.975	0.000
21787.975	0.000
21795.975	0.000
21803.975	0.000
21811.975	0.000
21819.975	0.000
21827.976	0.000
21835.976	0.000
21843.976	0.000
21851.976	0.000
21859.976	0.000
21867.976	0.000
21875.977	0.000
21883.977	0.000
21891.977	0.000
21899.977	0.000
21907.977	0.000
21915.977	0.000
21923.978	0.000
21931.978	0.000
21939.978	0.000
21947.978	0.000
21955.978	0.000
21963.978	0.000
21971.979	0.000
21979.979	0.000
21987.979	0.000
21995.979	0.000
22003.979	0.000
22011.979	0.000
22019.980	0.000
22027.980	0.000
22035.980	0.000
22043.980	0.000
22051.980	0.000
22059.980	0.000
22067.981	0.000
22075.981	0.000
22083.981	0.000
22091.981	0.000
22099.981	0.000
22107.981	0.000
22115.982	0.000
22123.982	0.000
22131.982	0.000
22139.982	0.000
22147.982	0.000
22155.982	1.000
22163.983	0.000
22171.983	0.000
22179.983	0.000
22187.983	0.000
22195.983	0.000
22203.983	0.000
22211.984	0.000
22219.984	0.000
22227.984	0.000
22235.984	0.000
22243.984	0.000
22251.984	0.000
22259.985	0.000
22267.985	0.000
22275.985	0.000
22283.985	0.000
22291.985	0.000
22299.985	0.000
22307.986	0.000
22315.986	0.000
22323.986	0.000
22331.986	0.000
22339.986	0.000
22347.986	0.000
22355.987	0.000
22363.987	0.000
22371.987	0.000
22379.987	0.000
22387.987	0.000
22395.987	0.000
22403.988	0.000
22411.988	0.000
22419.988	0.000
22427.988	0.000
22435.988	0.000
22443.988	0.000
22451.989	0.000
22459.989	0.000
22467.989	0.000
22475.989	0.000
22483.989	0.000
22491.989	0.000
22499.990	0.000
22507.990	0.000
22515.990	0.000
22523.990	0.000
22531.990	0.000
22539.990	0.000
22547.991	0.000
22555.991	0.000
22563.991	0.000
22571.991	0.000
22579.991	0.000
22587.991	0.000
22595.992	0.000
22603.992	0.000
22611.992	0.000
22619.992	0.000
22627.992	0.000
22635.992	0.000
22643.993	0.000
22651.993	0.000
22659.993	0.000
22667.993	0.000
22675.993	0.000
22683.993	0.000
22691.994	0.000
22699.994	0.000
22707.994	0.000
22715.994	0.000
22723.994	0.000
22731.994	0.000
22739.995	0.000
22747.995	0.000
22755.995	0.000
22763.995	0.000
22771.995	0.000
22779.995	1.000
22787.996	0.000
22795.996	0.000
22803.996	0.000
22811.996	0.000
22819.996	0.000
22827.996	0.000
22835.997	0.000
22843.997	0.000
22851.997	0.000
22859.997	0.000
22867.997	0.000
22875.997	0.000
22883.998	0.000
22891.998	0.000
22899.998	0.000
22907.998	0.000
22915.998	0.000
22923.998	0.000
22931.999	0.000
22939.999	0.000
22947.999	0.000
22955.999	0.000
22963.999	0.000
22971.999	0.000
22980.000	0.000
22988.000	0.000
22996.000	0.000
